992 2481
234 158
859 116
695 849
241 746
738 542
43 726
616 276
857 705
107 494
291 231
18 597
706 188
176 234
361 367
86 475
414 180
257 164
707 526
766 409
569 835
238 828
599 918
983 904
326 291
794 976
156 595
573 713
708 909
583 94
363 187
920 661
795 118
444 581
313 57
459 637
888 14
836 291
361 114
751 80
293 616
58 434
722 109
376 849
466 342
570 770
187 53
151 636
759 459
356 891
584 220
35 105
660 169
697 929
954 842
702 548
948 506
229 254
436 228
234 580
66 283
892 528
958 797
175 72
604 909
915 535
552 699
41 44
645 739
598 733
505 191
15 702
786 494
219 641
742 662
619 463
640 738
632 80
256 182
701 573
98 978
815 788
464 638
229 690
553 171
992 901
720 250
776 987
446 120
157 432
620 296
412 357
660 345
437 160
864 244
274 975
422 572
983 245
203 687
149 333
831 874
889 298
191 413
50 428
496 150
182 218
256 141
663 194
207 651
818 540
969 920
18 84
221 635
297 494
208 618
968 42
345 332
130 864
457 555
79 754
320 937
66 14
484 769
51 414
881 98
148 953
989 968
757 891
479 14
300 652
814 600
822 370
270 47
784 848
17 937
643 576
435 903
891 218
557 934
276 112
795 186
562 44
193 695
326 32
111 641
55 835
872 209
654 354
81 50
41 366
509 60
941 541
513 370
787 322
182 71
57 97
920 801
81 653
45 874
399 325
227 158
676 421
819 57
250 587
966 184
992 579
811 787
975 497
581 106
892 688
544 426
691 886
988 422
61 424
190 142
432 189
539 286
460 176
134 108
800 226
517 549
43 873
137 297
9 636
304 129
654 364
910 417
451 493
22 287
152 298
227 101
669 838
484 967
622 862
145 765
130 542
464 411
748 848
290 78
400 973
896 170
956 773
892 599
296 72
740 502
26 369
489 140
362 463
34 615
271 955
74 69
208 702
372 660
174 615
926 253
987 839
575 522
718 142
150 1
977 654
410 242
432 752
568 978
19 48
311 587
916 863
614 437
639 439
745 261
459 467
225 725
174 357
106 938
287 517
538 904
978 742
853 742
250 397
622 872
862 396
701 786
259 390
281 837
157 820
306 314
235 352
438 775
847 105
406 316
263 171
959 640
654 214
568 275
937 788
94 430
792 486
350 393
294 453
567 346
954 208
886 821
937 593
263 78
11 49
183 442
729 868
949 603
75 611
43 634
155 529
838 886
220 837
350 940
635 745
429 184
619 936
207 582
241 885
667 561
110 170
954 788
295 858
773 907
5 273
79 318
668 959
448 716
674 151
909 593
8 816
399 663
838 306
513 798
614 350
119 515
887 846
363 981
507 168
717 123
422 345
866 566
650 52
29 388
123 924
750 509
364 584
346 975
76 527
960 249
381 727
348 475
909 978
74 896
457 495
466 176
158 778
168 333
934 49
42 316
405 179
708 777
711 602
416 846
623 126
880 765
596 423
651 731
174 757
134 444
16 525
697 540
775 175
579 141
163 8
110 204
921 116
207 681
119 859
924 905
456 295
75 527
648 987
300 437
412 196
860 157
918 230
593 916
387 85
686 76
337 952
346 174
13 584
788 441
90 333
570 595
564 854
280 883
944 298
593 415
799 100
729 357
603 466
363 412
120 225
466 488
247 806
485 418
400 902
183 368
166 264
332 91
888 892
743 518
446 471
339 251
175 42
130 780
954 977
241 23
935 665
743 968
465 305
165 849
186 310
339 930
102 578
114 248
471 838
975 241
48 305
49 902
892 11
985 82
306 645
678 95
129 132
829 7
44 17
546 642
525 606
345 566
699 791
812 603
485 242
771 754
4 566
367 681
191 32
265 377
410 953
970 446
92 689
769 825
720 260
789 948
910 876
234 283
1 487
352 616
152 42
727 734
124 881
530 396
488 343
401 765
127 878
2 414
341 555
548 980
616 695
318 524
448 654
164 955
381 982
986 903
3 137
6 728
806 780
959 84
941 585
754 419
316 311
174 792
449 420
253 876
269 711
264 747
603 385
508 977
454 395
863 979
437 572
412 672
583 799
69 224
453 412
525 45
875 485
105 15
881 257
37 88
40 820
520 126
557 626
913 81
493 972
724 1
502 954
622 422
163 210
663 641
305 261
832 483
116 276
758 207
371 635
124 815
514 684
364 93
737 960
932 246
407 766
247 944
347 36
801 524
654 926
941 883
24 644
646 291
106 478
137 241
690 329
502 358
930 101
147 373
955 538
228 563
484 978
360 64
361 86
315 357
336 4
841 890
525 746
892 467
215 132
536 317
921 735
338 571
926 541
818 186
398 771
658 317
1 649
934 406
134 5
305 166
877 88
185 632
681 515
316 501
11 20
469 166
867 482
117 207
673 183
530 600
201 745
91 838
458 24
828 399
505 99
64 515
982 717
22 429
941 57
639 742
286 374
397 870
185 897
40 71
593 666
538 624
449 820
124 63
418 9
772 517
293 113
53 122
764 15
123 241
219 616
863 725
544 790
544 128
670 271
800 250
162 712
515 769
876 351
791 948
452 478
168 3
127 972
28 74
448 760
441 565
218 616
717 39
562 565
67 507
641 753
947 981
272 581
113 604
841 140
524 467
798 843
488 542
215 591
55 763
263 398
804 915
567 145
312 208
815 340
696 814
908 254
142 201
710 241
37 867
983 184
387 780
335 23
618 551
92 931
310 713
909 807
213 989
690 990
802 571
530 468
73 493
630 214
704 281
595 935
118 305
862 574
332 375
325 395
28 692
128 99
513 400
455 855
521 135
280 94
872 771
211 966
729 159
289 621
187 711
632 312
297 734
483 819
318 261
466 370
908 797
802 933
967 616
955 564
760 39
229 754
895 977
877 198
18 464
309 255
848 980
636 915
175 17
239 633
609 826
539 242
597 509
372 896
732 705
288 927
823 225
440 861
95 533
979 360
689 197
598 887
527 962
768 756
967 172
1 941
774 710
252 943
190 202
502 29
676 159
819 213
400 615
357 725
522 446
171 292
160 342
67 471
454 35
384 422
478 826
829 610
499 950
264 529
834 389
592 10
395 215
712 254
606 645
389 40
104 697
194 349
582 402
855 528
9 836
825 639
770 223
917 668
707 434
358 717
710 630
434 95
768 506
884 269
83 777
227 803
836 979
485 198
17 491
107 265
586 691
145 417
119 385
853 230
670 953
14 701
418 368
793 947
740 360
744 875
69 147
110 833
555 539
424 636
667 834
135 808
579 571
30 684
515 707
353 366
448 70
647 482
839 138
617 309
294 431
274 526
982 461
311 926
245 517
301 883
381 804
208 389
6 200
618 611
506 886
195 811
697 557
476 911
241 451
242 924
327 859
581 733
342 244
420 582
590 595
361 331
522 710
783 196
325 154
255 887
405 286
360 578
913 807
736 857
702 285
125 217
736 712
660 881
916 784
187 640
424 78
483 387
430 484
470 730
198 447
148 330
663 373
114 819
943 371
946 126
382 844
721 92
722 98
170 880
407 893
234 280
785 664
769 742
789 48
521 325
978 318
982 697
610 703
540 131
119 500
637 716
28 788
710 343
552 987
496 210
816 267
853 250
356 422
943 738
582 358
629 478
813 796
649 670
390 568
890 369
211 672
213 337
583 509
733 432
399 497
773 159
387 35
407 60
891 793
285 640
343 745
256 16
384 522
522 864
713 13
752 80
988 145
493 280
60 925
962 884
164 632
327 294
536 304
204 51
856 578
563 886
544 286
802 376
694 65
215 41
626 341
261 266
118 472
104 374
177 96
359 429
694 399
608 369
954 296
590 129
186 158
208 143
373 646
806 417
659 853
805 164
453 991
229 875
603 167
664 695
637 614
487 228
214 119
757 495
75 681
376 339
587 376
200 411
219 489
97 724
211 710
936 140
514 382
436 926
828 749
23 309
479 856
338 681
946 799
936 724
55 382
828 497
337 125
124 323
125 246
844 17
666 352
557 297
368 268
652 54
735 329
976 670
442 477
928 977
599 398
964 332
931 198
164 405
277 269
26 594
262 164
268 878
748 288
128 595
311 34
35 91
669 34
929 925
880 50
516 224
457 685
361 483
569 889
234 537
60 929
647 305
318 505
708 340
603 598
394 866
36 583
867 758
902 129
27 755
395 672
556 452
110 768
609 797
578 923
904 954
959 193
914 768
533 950
733 969
928 234
141 603
438 85
614 585
867 857
524 238
231 678
969 931
531 164
731 920
212 457
525 532
568 415
147 434
985 327
70 690
115 209
442 35
890 642
800 614
800 43
178 412
876 656
473 322
823 614
311 152
920 831
536 66
278 963
743 750
524 372
526 575
624 259
75 765
460 612
9 446
986 326
768 482
439 318
705 140
335 820
31 976
948 544
785 898
695 387
516 364
807 937
176 114
158 113
401 486
182 926
315 210
123 135
990 563
275 170
974 962
884 239
172 149
799 253
306 121
345 639
950 529
719 42
460 293
978 400
279 174
482 790
744 47
546 249
910 590
70 684
342 833
223 70
947 369
84 635
715 768
538 779
689 429
747 44
396 424
412 460
419 428
280 753
5 561
462 153
871 530
175 129
967 723
768 907
492 753
306 545
938 471
459 433
152 480
852 219
926 76
985 528
29 447
897 346
156 303
530 540
323 294
331 166
96 764
298 543
620 813
947 487
590 621
592 449
120 578
136 295
732 729
329 296
107 870
56 916
951 36
193 219
866 19
889 498
726 527
967 601
733 236
500 132
337 208
782 75
626 172
474 129
224 206
78 82
850 548
686 838
962 502
675 518
773 392
414 517
864 286
257 160
738 868
393 356
551 902
678 266
496 183
222 150
264 664
28 14
732 634
523 21
279 13
908 295
731 298
236 645
432 606
104 816
302 311
562 508
490 8
364 719
572 990
938 138
793 338
279 93
172 710
411 774
411 333
768 912
834 417
200 775
366 526
607 369
443 860
652 424
410 15
157 561
820 25
608 143
314 739
3 619
47 136
765 205
882 632
344 65
181 594
475 3
828 472
14 370
732 678
492 725
554 421
717 983
317 884
300 928
451 909
473 256
661 752
80 110
210 148
32 257
658 22
236 46
491 830
60 727
703 506
245 958
47 6
140 420
529 854
509 761
256 3
848 583
98 58
872 291
121 318
876 903
73 419
631 142
560 448
707 115
799 84
381 101
754 736
774 841
926 546
336 869
262 198
267 220
489 535
236 37
277 336
924 460
621 331
89 317
780 216
782 864
809 165
104 963
125 819
219 306
460 453
655 873
434 232
252 615
103 217
116 439
836 101
362 19
566 816
74 466
510 572
575 546
986 687
131 483
663 817
137 968
162 960
608 933
348 827
938 896
941 576
545 511
504 233
819 191
143 2
536 603
756 577
579 373
564 711
36 770
202 892
578 551
617 512
952 197
782 209
94 797
703 877
668 129
921 811
792 605
8 866
315 366
129 648
789 854
18 989
757 976
478 548
891 227
358 78
896 603
694 642
990 387
443 204
340 391
163 221
792 349
422 890
224 989
80 263
799 934
428 961
106 515
54 913
374 41
558 876
279 341
859 866
18 980
699 278
353 529
718 722
186 913
62 814
619 968
141 26
862 124
536 867
497 886
631 250
924 154
981 274
33 500
346 686
55 543
325 345
314 407
445 639
449 175
323 351
87 725
219 171
38 443
281 887
486 455
142 357
936 342
500 445
936 543
14 916
914 734
204 629
975 566
428 475
175 340
249 930
53 445
990 886
41 349
354 579
340 260
881 783
21 462
594 547
190 180
485 45
536 269
883 515
934 653
445 687
923 444
172 758
637 624
342 631
454 904
185 543
75 776
521 552
858 299
426 610
742 173
270 324
275 46
208 576
410 241
711 523
490 35
737 405
277 143
890 602
374 492
488 213
677 536
110 300
166 418
974 687
22 445
411 988
345 413
604 671
171 674
779 540
637 150
198 834
54 520
388 673
298 124
99 174
541 838
598 665
971 351
2 30
297 247
393 862
345 988
234 480
641 160
240 306
770 880
354 674
586 851
1 516
725 587
818 117
267 595
969 940
236 213
504 704
349 93
585 215
69 78
144 982
17 88
145 35
71 752
887 216
467 200
378 312
312 943
513 569
236 507
384 345
527 873
941 140
557 720
445 555
46 321
726 754
768 767
308 229
272 398
551 438
389 23
20 971
522 974
409 465
31 675
68 959
89 470
130 656
497 947
333 13
949 835
548 909
392 891
247 167
758 931
453 581
450 503
238 926
496 734
115 282
760 48
423 568
137 521
49 74
86 338
416 133
563 338
505 158
451 483
107 968
628 884
937 438
955 358
352 108
462 225
781 136
17 845
487 829
146 619
555 461
724 438
685 298
608 583
42 618
898 392
223 690
991 521
924 828
765 171
949 804
274 233
683 79
905 89
506 981
55 726
412 902
782 468
334 668
249 900
235 169
241 130
991 443
316 692
117 133
686 846
884 857
549 505
699 452
305 367
928 930
332 48
405 486
504 206
698 586
878 820
510 441
991 639
902 659
818 227
713 789
697 120
149 795
204 152
264 93
299 891
708 536
895 670
750 322
567 280
364 291
537 833
307 553
408 178
72 255
593 506
113 792
496 762
668 608
268 40
894 302
384 90
663 401
320 957
758 730
246 655
356 347
175 60
12 626
86 876
872 879
769 909
772 943
388 493
892 347
877 9
879 161
431 718
183 210
774 403
246 535
593 120
537 13
295 766
426 1
304 718
467 266
164 669
549 448
623 329
178 561
586 725
471 437
629 721
977 539
40 858
861 150
268 79
656 629
401 540
492 32
294 289
575 794
857 110
964 950
135 411
849 657
27 641
13 366
346 246
475 589
811 800
119 896
82 732
157 611
602 589
895 945
197 701
771 943
918 834
204 673
300 109
642 343
219 839
826 843
535 679
242 105
939 472
75 180
100 596
840 911
379 64
471 101
982 477
720 132
173 954
263 281
874 367
160 203
713 510
16 602
883 864
882 629
223 224
523 109
395 612
679 760
77 976
682 956
302 384
854 189
413 899
587 911
826 281
58 964
648 537
908 235
46 755
213 727
610 768
204 36
62 94
300 394
176 883
545 623
30 39
141 427
733 49
257 247
528 674
926 125
717 424
383 633
920 950
336 77
597 856
214 761
381 435
164 37
853 11
160 59
819 822
452 888
968 529
496 620
480 662
389 292
854 568
174 229
679 819
820 181
161 205
469 508
551 481
55 852
478 703
135 575
211 919
730 166
307 139
3 89
96 597
497 286
927 845
284 316
474 222
214 375
758 641
157 805
129 268
864 262
411 848
359 325
291 48
258 387
459 473
225 276
27 983
486 157
665 711
42 175
428 30
949 7
678 591
57 554
211 16
608 652
776 231
647 721
233 345
344 372
162 711
293 261
816 546
728 79
195 575
14 783
382 816
381 792
517 955
880 311
427 710
686 694
655 813
18 482
353 911
195 861
569 21
54 234
628 785
77 139
314 335
411 814
746 202
125 340
180 692
18 132
848 374
10 410
104 347
392 236
54 963
808 174
146 567
180 632
384 106
649 792
514 646
237 557
683 553
924 643
153 983
830 955
248 798
620 27
549 710
967 187
287 526
642 523
846 716
867 434
26 254
818 553
489 582
845 885
190 174
247 395
194 53
590 465
489 412
930 810
286 538
904 284
706 325
283 444
618 956
515 889
456 493
644 915
758 986
389 402
389 877
343 256
32 149
678 619
844 268
223 282
226 87
562 102
102 888
503 609
765 782
628 144
498 461
558 10
135 640
65 793
447 4
623 330
919 679
97 680
99 595
426 257
411 489
71 451
976 618
78 403
355 778
783 420
915 761
881 374
261 988
133 23
541 848
807 783
729 125
468 23
426 812
638 611
374 457
839 623
233 881
629 755
280 873
777 109
801 520
410 929
307 250
663 809
147 174
721 674
868 599
409 427
595 556
445 941
797 440
522 448
782 642
306 660
823 921
806 115
233 106
81 156
483 215
801 583
529 286
433 385
565 488
896 209
200 691
202 667
610 268
222 5
6 539
460 650
797 804
816 984
636 102
949 665
255 520
718 478
439 203
496 771
121 103
231 222
243 700
701 303
82 211
902 368
443 950
499 21
414 142
411 404
656 991
344 124
695 534
737 942
864 530
170 789
409 686
230 600
676 724
218 716
220 179
438 254
837 551
228 360
149 764
550 758
949 264
181 702
557 245
520 856
578 34
629 730
266 349
564 894
157 416
431 43
343 622
287 813
880 405
573 708
906 969
579 549
530 973
216 456
368 200
264 403
680 795
572 281
920 415
979 265
981 475
710 700
752 488
435 507
220 424
919 494
243 121
500 147
634 618
693 210
309 217
203 433
118 753
726 154
602 770
640 369
308 487
471 629
130 771
906 566
9 902
943 625
140 309
45 319
320 300
926 732
504 291
566 541
770 783
252 823
650 841
667 189
902 755
15 532
397 505
754 881
367 33
433 991
476 920
438 195
802 43
52 446
795 497
132 67
498 114
543 181
693 760
134 760
159 188
180 282
623 54
38 968
603 743
12 991
886 802
859 196
880 442
628 808
348 282
884 783
99 900
128 538
447 523
364 813
811 250
500 903
34 35
731 866
970 22
459 397
424 206
154 948
366 60
321 602
124 618
861 267
95 758
425 414
278 605
211 119
322 161
323 53
364 241
662 712
989 137
630 523
903 694
443 201
923 579
706 881
835 485
341 116
306 425
897 279
844 570
829 202
190 843
234 225
114 737
940 482
124 283
688 106
583 492
956 162
544 773
102 246
18 874
718 412
644 519
630 381
655 928
714 761
626 477
972 740
244 402
427 722
544 424
929 738
159 171
399 600
251 782
351 270
583 485
930 780
515 93
774 698
190 140
414 172
325 390
74 461
512 516
517 242
936 74
172 836
867 199
322 751
15 197
218 812
185 636
922 942
951 319
107 314
164 987
787 773
891 258
175 431
948 304
76 577
954 596
888 945
970 499
962 638
639 881
397 732
677 175
369 346
652 854
211 22
838 498
549 101
72 375
419 343
310 977
97 337
210 647
449 282
229 730
456 838
346 550
722 55
285 339
16 99
308 670
661 40
772 237
175 653
688 980
690 552
692 463
784 88
369 230
849 201
25 959
192 467
750 172
991 194
210 203
357 323
195 975
746 122
271 55
698 257
536 529
538 829
27 485
673 530
198 728
539 227
939 134
390 233
658 290
695 733
223 625
943 327
522 98
276 887
612 188
326 803
683 468
903 433
961 29
928 872
736 795
845 376
388 143
500 404
248 26
345 46
917 939
612 212
460 297
122 501
361 430
454 476
77 346
522 114
265 702
211 803
162 568
589 948
5 233
960 224
284 971
34 254
971 771
152 109
944 249
526 489
820 145
179 254
141 907
347 154
139 878
350 373
244 567
715 406
418 525
897 915
18 921
784 886
404 575
69 636
193 698
179 655
268 772
533 24
295 57
457 851
330 419
481 386
910 933
125 382
135 305
199 760
790 421
550 606
662 148
901 932
117 725
12 505
429 348
143 220
692 316
222 965
250 530
361 186
101 978
465 496
245 840
963 149
393 266
70 983
788 531
86 823
896 436
883 260
611 862
578 663
450 719
331 743
479 710
712 391
916 98
414 520
347 551
240 603
204 561
6 109
300 688
621 501
695 830
864 384
848 159
477 435
23 523
101 812
319 79
798 573
950 295
863 514
336 883
379 161
292 178
610 405
369 926
579 354
500 61
537 771
387 88
408 318
542 271
543 391
217 984
435 324
598 38
446 307
178 917
841 358
470 224
542 272
792 425
754 749
774 850
832 724
432 567
719 809
208 974
64 264
983 697
437 862
206 775
154 809
89 238
96 8
518 848
776 271
613 455
563 572
624 105
769 141
847 970
761 986
133 436
64 581
964 56
103 476
322 856
344 75
986 902
74 899
92 294
833 867
794 852
753 223
849 566
810 820
444 602
678 291
146 22
883 828
592 234
351 83
464 40
451 921
879 808
975 879
961 927
194 519
960 209
871 976
912 399
749 937
146 565
411 562
316 562
600 624
523 516
462 880
875 863
605 447
295 101
260 25
212 837
48 302
32 104
172 951
197 776
290 784
76 148
411 729
220 774
953 800
272 896
238 335
246 810
563 190
540 805
950 504
552 567
863 260
517 337
187 89
9 586
212 71
655 8
382 420
572 876
974 759
89 776
813 22
905 640
692 632
42 271
321 903
488 657
507 9
878 669
310 532
844 299
814 389
501 603
465 74
506 252
783 833
329 714
419 210
239 104
38 629
973 776
906 36
432 257
554 337
402 153
225 368
46 205
232 436
323 799
251 362
345 302
272 122
290 377
951 129
572 173
168 752
984 377
532 546
865 14
575 49
730 42
804 789
676 767
128 968
935 890
764 477
418 897
398 550
826 191
772 773
497 696
685 648
927 607
199 436
169 609
423 172
672 754
547 53
733 834
238 352
11 655
477 878
703 702
686 23
959 618
138 959
906 79
42 19
130 277
669 363
874 533
947 812
311 280
4 542
43 48
511 37
10 672
581 886
505 245
387 501
968 69
694 736
218 530
844 783
120 540
390 252
666 657
672 290
277 452
495 756
248 851
11 637
516 863
620 667
548 328
507 600
422 732
263 383
693 779
968 262
949 876
179 673
205 737
9 419
5 618
193 474
121 805
985 499
159 240
473 634
901 847
908 265
548 701
830 259
278 625
777 688
801 15
984 281
750 545
914 243
559 849
708 125
157 273
659 595
640 557
378 958
791 375
559 92
389 889
926 817
429 775
892 302
877 62
886 820
616 312
322 447
400 477
886 754
43 948
669 234
853 38
121 725
654 610
259 35
868 659
762 413
672 909
929 369
324 144
952 3
238 495
241 441
247 411
339 587
162 326
308 899
865 346
421 706
921 472
117 61
727 948
502 4
502 457
306 745
92 10
271 4
553 229
633 394
408 791
562 751
789 125
5 564
184 584
890 36
813 667
255 543
39 195
117 602
776 674
410 480
712 245
10 329
881 738
483 346
468 923
905 931
110 31
275 70
42 906
119 215
874 172
358 131
326 941
524 611
453 977
14 261
5 345
382 404
241 427
319 445
317 190
354 650
745 400
325 598
625 411
203 539
771 838
469 642
952 879
438 420
166 674
936 223
722 937
524 285
448 478
156 775
989 551
420 297
189 286
979 391
616 896
690 443
672 914
159 76
987 583
685 631
58 305
939 370
228 609
685 514
