1000 9891
551 794
147 176
564 423
273 762
129 638
276 879
996 10
190 65
707 441
66 467
485 523
329 803
535 855
431 462
700 901
222 321
792 456
557 824
531 101
806 25
674 134
402 211
757 581
777 485
65 11
942 475
182 866
408 987
830 866
61 549
155 912
911 743
715 46
666 678
459 748
602 900
800 288
199 380
541 535
72 550
554 898
850 493
813 759
155 519
193 570
433 235
35 267
131 892
316 288
393 158
693 978
35 152
309 985
699 353
710 77
594 889
483 970
905 982
232 714
853 1000
384 319
642 421
396 686
988 48
456 129
591 213
312 42
410 638
51 940
486 301
968 60
173 210
440 757
354 839
903 78
724 601
451 23
433 791
219 19
882 497
37 910
850 851
190 432
689 343
17 720
306 993
181 211
424 824
21 378
138 166
565 893
472 548
159 524
897 435
739 550
261 60
172 905
657 751
472 979
365 120
293 747
232 732
890 553
962 202
85 265
161 361
485 386
555 89
995 366
688 582
427 490
946 598
144 740
541 183
672 202
66 217
969 507
855 603
592 768
611 431
423 795
13 883
19 450
847 584
294 888
776 199
106 572
485 995
363 167
19 563
826 929
222 238
814 498
959 719
502 366
810 637
848 696
5 925
162 988
712 235
620 825
667 141
904 585
282 421
943 808
659 814
965 928
676 213
791 624
366 727
496 625
636 780
379 856
676 36
783 832
456 479
438 211
650 603
447 643
175 752
966 677
309 686
280 860
559 606
29 575
656 471
341 861
201 510
708 395
211 693
360 281
714 623
869 631
10 265
685 997
637 428
347 162
510 594
572 569
441 41
337 904
507 312
270 452
295 19
691 886
983 486
823 537
721 179
425 398
461 504
543 654
468 564
450 75
358 832
259 627
852 658
100 159
871 905
726 191
123 86
678 120
742 693
985 480
211 925
779 86
881 23
520 315
422 207
830 216
389 926
122 149
838 583
251 379
535 637
682 467
333 881
248 739
505 795
213 171
360 657
289 966
348 582
330 969
95 203
886 194
606 261
635 334
84 184
265 610
766 948
264 422
239 78
217 458
333 221
518 806
939 895
541 735
671 528
11 141
586 504
765 119
130 66
996 927
944 780
173 160
488 654
654 401
326 838
354 481
183 971
499 270
555 793
607 608
228 583
671 967
987 402
490 198
112 732
794 318
23 576
974 477
279 698
452 158
958 816
704 705
537 80
208 426
708 495
876 80
858 540
368 800
534 295
613 342
209 16
935 257
225 750
581 665
530 669
141 1000
856 845
498 129
579 120
564 460
674 156
553 853
552 800
459 310
556 856
830 267
688 176
416 318
929 970
603 159
364 745
481 963
833 406
393 20
907 927
494 369
808 692
570 959
937 464
131 425
518 311
722 658
482 495
688 526
375 408
674 977
469 211
203 11
477 680
95 9
321 964
13 774
252 564
364 30
792 651
153 643
501 211
733 994
518 52
990 905
238 754
939 701
653 839
1000 957
70 987
888 749
195 330
810 418
813 513
761 304
636 624
966 33
907 751
563 919
654 450
13 458
35 366
572 95
611 931
916 362
111 584
58 324
851 1
905 953
965 9
399 759
361 374
780 146
250 747
971 981
440 619
776 825
101 324
447 296
710 742
769 208
914 987
457 540
849 258
243 15
867 969
998 173
160 745
784 499
786 810
897 180
920 211
688 31
318 686
428 282
598 446
656 573
587 867
971 640
717 412
484 1
836 318
655 922
739 525
332 205
981 712
283 995
454 568
751 946
682 855
475 292
393 83
833 449
100 192
782 394
929 982
837 805
192 493
420 719
670 392
994 564
367 554
743 979
1000 477
345 248
341 75
643 721
806 143
243 682
458 489
666 786
773 94
498 534
192 661
913 331
717 945
114 710
327 142
445 479
946 356
620 339
657 223
326 450
188 720
408 843
397 173
40 118
906 668
283 266
878 841
3 155
979 242
429 237
876 282
382 510
596 105
528 505
253 189
534 163
239 411
424 304
520 621
206 336
966 702
515 274
867 775
409 867
528 167
901 902
318 616
177 344
231 741
220 346
524 258
410 750
935 376
827 339
390 183
855 417
930 88
768 99
453 861
113 644
720 364
683 368
774 73
617 244
180 584
580 167
473 268
492 600
147 207
665 654
194 206
659 360
308 122
916 377
958 148
650 173
872 85
599 130
489 939
971 283
169 805
801 184
18 974
624 581
238 985
497 353
613 691
317 470
818 541
29 450
468 870
465 102
592 370
99 130
815 312
619 587
37 88
203 659
667 497
814 384
965 401
429 926
714 828
930 849
491 109
808 313
460 672
579 682
728 112
152 115
982 549
14 763
481 387
248 277
191 929
14 618
643 22
161 958
758 207
689 980
965 943
433 22
253 909
823 257
700 204
757 13
945 179
469 801
989 170
936 842
554 665
822 240
331 768
671 994
709 59
380 615
624 461
883 328
115 242
250 803
915 709
953 634
224 842
64 931
450 388
237 588
113 582
632 166
635 729
87 78
72 509
695 271
471 899
587 811
842 848
844 4
281 704
690 730
817 534
507 424
381 591
817 3
534 981
167 212
977 200
261 31
299 484
194 210
378 439
358 833
200 639
425 286
227 134
870 556
247 91
48 563
930 202
266 788
132 435
100 879
865 649
458 289
830 217
528 871
764 325
886 340
240 233
592 350
520 395
558 711
190 715
530 28
342 518
880 473
633 759
300 738
448 21
369 724
14 292
454 95
614 761
528 359
144 141
348 869
683 740
353 25
575 978
731 410
535 32
573 237
921 372
98 719
481 189
444 295
286 582
549 324
73 27
236 705
899 694
59 216
226 411
372 1
390 672
961 740
600 292
448 977
162 598
715 565
996 766
154 879
887 787
103 256
125 456
514 31
721 577
149 40
611 757
119 750
980 550
512 740
909 606
281 775
733 826
495 27
471 291
524 379
432 163
759 263
368 801
55 323
167 773
562 833
865 161
928 707
750 662
237 961
593 169
704 718
462 754
426 812
854 291
569 433
203 863
510 809
685 635
428 740
303 392
584 658
323 454
291 55
329 773
476 940
811 429
5 126
389 223
998 861
580 426
199 184
660 830
442 991
77 604
563 429
765 559
237 406
701 263
646 392
133 363
249 440
321 987
739 61
523 812
361 807
178 215
749 396
678 136
799 684
714 884
808 241
572 378
22 799
813 512
481 511
502 343
25 13
808 128
790 764
392 776
141 276
142 57
718 566
477 156
245 352
323 554
654 626
291 72
455 837
536 508
234 2
183 472
594 802
595 7
691 317
400 719
646 748
577 897
281 380
390 430
72 87
366 857
37 775
370 292
580 247
206 534
471 777
348 467
962 595
279 959
963 150
746 298
699 880
829 801
811 858
793 507
690 567
542 222
964 372
342 416
56 777
823 723
702 384
845 833
941 612
251 998
717 253
555 238
591 676
977 784
7 631
308 22
700 784
972 13
864 654
77 751
616 127
264 84
651 544
104 275
364 861
521 702
385 948
283 193
265 334
782 165
143 373
494 539
977 579
118 135
908 587
196 821
202 779
364 3
208 543
463 889
79 729
88 69
913 116
752 220
150 571
679 581
477 941
313 820
939 664
501 39
303 849
914 342
218 891
420 19
227 747
836 667
309 495
235 20
706 583
31 840
88 274
698 599
74 237
96 468
45 924
945 150
158 581
840 444
28 797
90 789
864 401
167 542
663 373
499 118
923 744
965 381
306 554
436 589
609 451
420 232
822 393
327 997
592 634
423 470
709 707
478 903
713 462
508 222
111 35
232 136
470 134
259 891
846 221
251 789
124 29
608 276
73 841
683 384
21 745
596 935
243 441
7 970
985 744
68 564
659 363
678 645
165 478
275 114
191 270
963 801
765 757
644 396
256 581
597 428
264 112
411 995
750 138
843 804
700 939
612 239
109 836
958 503
464 631
605 866
584 285
493 756
131 369
578 186
523 743
123 283
979 450
230 274
304 762
875 373
838 379
531 353
880 13
649 650
316 113
395 610
452 808
326 190
610 109
921 494
207 201
746 637
767 385
236 335
148 665
98 296
830 713
335 53
762 259
892 852
428 133
205 617
996 884
804 115
285 147
187 83
426 761
961 648
836 812
169 613
31 66
127 661
202 572
102 216
776 867
998 8
84 568
569 984
931 193
290 203
704 453
279 769
194 623
251 610
505 854
403 279
276 121
445 670
465 64
376 997
855 471
37 928
333 457
831 350
967 654
470 162
66 375
104 62
637 140
531 739
272 910
702 344
868 928
794 783
962 189
657 713
414 564
588 295
541 979
38 832
522 949
816 602
873 927
885 362
783 46
548 865
109 85
440 190
920 712
523 549
156 10
322 318
372 965
496 245
955 990
102 76
248 886
688 755
467 468
255 349
402 281
830 169
616 341
744 682
895 909
273 12
992 740
205 690
177 446
516 239
828 201
645 397
723 997
463 166
361 612
602 554
749 713
805 247
697 982
459 519
336 516
1 420
990 348
117 208
616 785
65 112
275 818
779 706
796 700
176 797
695 933
440 994
632 854
421 929
983 979
814 834
896 469
774 458
595 219
837 378
305 345
785 727
509 842
917 163
404 458
155 836
466 639
251 767
413 132
217 515
271 794
871 621
986 489
9 665
769 261
399 198
99 688
760 726
997 215
871 706
87 179
906 377
248 762
947 623
158 394
289 361
843 654
95 853
756 945
640 308
15 180
364 890
630 613
23 743
235 751
500 752
368 460
259 271
448 340
326 341
468 44
499 771
977 759
959 547
653 756
981 231
947 43
991 466
939 703
212 11
987 903
70 985
697 897
274 968
391 425
602 526
476 311
849 811
424 138
577 324
870 963
875 91
663 114
371 392
23 787
905 814
447 999
505 722
178 280
368 392
490 6
71 743
735 524
712 731
215 504
720 838
466 174
585 60
859 653
107 672
309 740
20 873
141 937
82 478
466 833
802 807
354 759
694 249
417 259
903 103
393 746
485 116
988 845
497 942
205 117
711 815
358 605
807 280
209 243
581 635
355 822
526 627
546 117
297 432
824 271
492 389
764 57
692 270
342 131
933 548
56 104
846 796
192 632
445 138
228 366
553 188
934 470
458 279
204 247
893 356
695 939
481 719
762 808
506 106
53 615
950 799
929 80
238 541
133 479
317 146
778 900
653 792
39 193
985 248
192 307
880 482
53 648
853 433
515 21
363 77
348 703
700 452
260 613
317 884
888 715
785 339
804 457
886 170
260 667
84 839
253 896
514 162
145 589
935 822
538 44
443 160
429 397
966 700
224 49
395 402
905 840
314 46
855 349
570 981
324 411
253 43
56 601
594 41
604 242
396 911
542 306
682 644
438 310
3 887
650 486
617 105
263 441
380 1
185 21
685 672
65 575
143 148
898 875
332 243
691 635
298 943
324 607
329 883
383 663
864 572
920 894
778 356
195 714
34 724
192 482
648 840
545 192
568 159
454 964
433 767
30 939
198 313
127 493
339 927
667 322
190 813
486 580
748 879
469 378
36 691
866 254
539 268
300 760
566 779
417 486
75 876
256 898
633 842
351 907
210 525
306 56
715 348
353 243
670 900
140 183
21 236
813 728
529 161
748 307
171 920
483 922
281 151
67 603
430 843
583 387
661 978
185 516
337 449
814 941
589 595
187 195
150 309
923 759
393 576
798 368
655 649
31 355
287 757
570 499
272 594
759 228
258 541
941 376
29 862
964 175
712 64
767 570
955 420
495 487
742 876
500 591
907 313
410 883
930 122
162 208
181 52
384 858
994 809
354 96
594 303
9 355
686 679
746 498
425 517
52 263
402 850
111 292
973 137
167 214
829 443
891 256
364 640
346 919
838 726
647 729
340 805
562 726
907 628
144 692
472 801
308 463
773 3
518 547
56 512
869 682
624 611
159 912
493 838
114 701
665 827
481 646
1000 678
420 999
972 308
237 538
669 756
913 162
821 553
934 248
701 195
633 757
409 451
544 130
766 955
490 766
363 132
36 806
919 253
408 645
903 869
987 811
804 291
550 315
274 638
439 344
795 416
905 672
376 360
528 293
122 340
553 274
831 987
667 874
852 422
466 425
935 873
349 508
318 885
27 632
12 236
824 986
658 212
918 136
115 196
230 48
987 407
953 555
864 90
2 809
258 735
496 894
885 508
232 404
84 605
512 742
931 252
626 764
664 801
42 925
83 748
745 218
558 129
664 848
242 836
793 364
501 969
966 817
509 826
42 703
777 928
504 848
65 630
215 904
830 627
683 442
661 271
225 860
544 516
220 593
431 720
87 178
557 558
337 651
599 215
892 67
265 825
643 873
899 755
609 807
722 766
191 321
527 411
341 180
342 215
168 231
643 758
492 320
238 804
320 497
622 910
532 498
792 543
65 35
104 471
160 473
307 26
291 673
532 609
593 533
547 296
62 464
748 183
843 205
38 297
648 461
786 778
451 820
839 153
938 279
684 862
187 734
580 799
652 444
960 867
197 489
559 479
782 698
966 439
18 607
554 573
940 534
585 193
40 764
893 487
266 948
339 342
927 441
508 615
571 131
318 992
814 997
873 367
391 108
768 717
988 40
460 876
560 879
383 307
335 947
267 179
649 137
733 796
770 262
497 988
499 186
963 267
674 362
937 996
885 754
959 351
507 372
664 219
363 853
473 309
276 784
351 316
62 27
171 74
998 541
289 155
698 297
168 490
367 966
868 121
655 133
416 2
90 473
353 818
160 15
61 744
936 805
85 226
748 614
341 72
72 865
623 358
915 409
871 144
189 132
122 857
194 314
178 919
553 737
61 970
890 354
839 95
746 900
264 259
621 163
680 651
536 751
260 983
526 462
210 19
434 990
162 309
84 422
350 346
249 37
72 554
330 238
251 608
103 23
451 590
456 344
992 890
745 598
914 649
555 981
370 533
905 934
110 691
281 173
23 261
505 975
107 655
770 379
737 244
204 258
298 616
284 907
717 347
367 38
633 436
120 353
447 478
585 313
290 391
842 680
3 886
178 752
195 30
470 912
666 974
128 453
898 761
612 341
285 49
656 939
731 97
74 804
807 140
935 91
95 654
186 694
898 461
85 420
695 635
57 195
904 324
595 703
925 498
758 349
582 971
217 901
659 218
329 707
574 971
864 128
262 557
47 643
437 569
596 758
192 756
304 926
79 761
14 45
882 422
5 342
999 552
430 285
235 839
397 492
274 377
731 919
815 170
193 335
880 15
112 153
79 879
61 176
101 995
887 708
654 159
87 924
92 746
240 829
577 402
4 325
122 305
361 543
552 573
499 649
111 50
62 853
785 318
71 537
607 507
274 829
573 311
542 702
463 403
525 436
747 236
341 695
657 260
325 414
106 623
571 346
130 156
828 363
386 306
975 500
776 662
529 962
896 459
667 604
561 497
135 34
546 391
585 507
201 482
662 337
195 220
652 403
784 431
569 591
751 307
592 600
883 107
349 603
355 514
10 171
564 726
157 264
142 612
525 183
163 907
737 498
225 710
360 59
858 294
487 834
581 478
555 266
975 985
618 678
506 636
103 818
414 939
665 623
406 779
247 423
51 584
252 479
441 888
540 668
62 72
670 267
659 246
143 393
648 869
493 837
352 807
795 742
599 385
179 458
397 447
143 687
290 817
847 955
518 617
759 223
840 939
753 930
723 630
705 7
174 834
439 298
704 950
580 804
896 875
930 995
895 3
266 703
912 133
72 610
434 889
698 666
454 380
115 516
921 377
525 71
909 232
16 89
733 484
3 357
999 97
894 137
558 177
970 889
845 635
645 847
211 375
84 751
107 710
223 968
757 256
650 714
651 159
983 834
510 400
315 642
266 66
677 583
676 649
536 284
621 967
33 294
696 610
309 465
441 73
349 976
650 447
725 985
38 896
859 323
719 523
180 312
744 189
267 418
882 23
96 736
83 790
972 34
618 557
312 56
27 479
925 442
161 277
846 676
795 978
173 794
764 501
847 893
161 646
930 497
290 994
494 514
243 830
338 746
284 196
359 640
401 32
192 939
820 293
52 719
166 371
425 827
818 770
156 701
84 753
266 704
234 162
879 780
71 451
540 330
905 707
990 318
316 281
984 755
966 455
2 1000
131 660
775 743
872 884
598 786
488 637
718 555
514 79
917 370
721 529
59 86
906 838
484 457
905 753
569 933
805 557
756 61
258 672
704 400
766 114
881 804
552 708
433 514
349 530
408 124
318 707
301 911
665 404
121 860
360 484
103 660
234 453
147 326
169 642
920 70
594 357
501 861
542 881
307 524
559 970
219 296
772 578
422 335
157 406
600 925
731 437
53 161
181 924
550 870
238 231
426 21
803 913
143 80
648 942
959 786
552 668
222 330
508 858
43 693
743 860
544 382
326 292
492 52
493 781
991 18
160 486
187 543
459 786
583 85
506 219
787 944
882 590
95 271
886 14
834 493
732 672
1 704
22 830
728 7
196 613
982 908
72 555
326 224
878 845
42 764
853 415
983 710
27 690
838 222
452 941
490 727
219 938
383 759
363 111
562 148
746 841
603 960
133 814
732 228
435 774
275 989
97 315
637 673
267 222
387 399
324 389
822 396
989 405
846 6
663 596
231 630
548 436
384 961
556 111
190 437
289 68
458 885
720 352
920 930
389 481
555 269
253 596
282 36
270 412
574 750
696 888
790 966
77 831
705 766
224 441
702 157
565 139
610 548
792 553
772 573
339 518
912 734
545 708
436 448
84 946
621 245
472 20
933 137
520 98
938 785
903 801
995 960
340 11
70 133
635 278
850 444
880 159
308 984
883 784
888 634
870 574
514 354
239 741
277 504
102 359
28 606
469 700
774 707
174 227
214 796
305 80
457 877
573 423
888 455
444 637
541 905
211 346
87 503
949 712
89 890
733 161
20 700
576 356
116 165
478 836
335 965
215 275
551 661
348 368
132 805
633 486
210 369
926 331
7 493
54 6
58 205
407 406
137 730
603 192
85 756
727 293
197 518
898 555
958 971
725 964
732 268
826 185
755 213
96 598
974 369
147 934
502 630
267 553
835 302
208 15
229 919
303 496
933 617
113 615
369 28
216 414
852 737
887 246
161 264
234 846
852 526
733 125
587 363
130 616
458 301
725 489
504 739
317 763
169 39
151 883
557 908
652 692
688 837
344 570
251 495
488 931
956 770
383 579
999 988
803 172
930 572
588 885
496 293
301 241
762 64
50 68
680 979
59 510
421 763
518 795
353 29
457 1000
429 160
322 784
434 886
653 545
594 219
980 221
693 996
288 799
552 60
55 155
348 903
573 346
22 448
685 256
297 583
62 961
270 805
733 20
811 694
453 401
713 216
110 616
849 392
560 837
449 794
864 203
521 894
225 519
281 277
695 254
663 924
996 431
242 343
252 175
110 309
593 173
422 721
133 770
582 743
731 59
36 497
901 269
138 891
607 890
341 848
109 276
38 784
609 948
428 174
80 38
424 531
776 904
229 540
947 737
783 15
697 458
311 798
627 649
792 498
246 369
193 123
800 973
32 39
624 641
285 270
382 657
808 584
956 704
188 689
100 926
943 314
104 473
341 404
843 126
133 503
460 518
812 819
7 856
469 304
680 657
348 568
347 924
648 463
890 46
156 702
979 589
457 489
352 657
979 364
447 770
126 455
862 475
115 626
822 613
267 326
106 162
827 142
75 741
24 593
704 243
390 790
802 576
949 671
788 531
920 395
791 408
979 936
414 405
660 469
435 858
868 592
760 57
244 458
694 252
141 724
515 475
884 154
228 838
963 269
12 583
570 425
542 179
671 341
622 509
918 280
396 885
798 103
890 829
435 386
391 562
46 776
648 889
591 563
775 425
66 442
463 117
694 824
533 374
493 89
646 191
388 219
906 280
930 386
346 845
95 842
151 612
747 864
655 52
427 140
911 94
414 642
972 152
21 804
474 862
29 505
787 213
701 295
170 305
463 980
140 473
485 888
597 797
1 805
543 867
830 868
965 515
565 505
677 159
18 780
827 750
458 71
973 868
482 833
10 668
891 743
50 445
594 200
514 492
738 168
761 215
687 59
230 690
841 367
254 308
581 341
908 139
593 432
130 7
993 21
499 348
960 218
193 685
233 392
785 481
144 503
813 277
258 355
353 807
192 483
815 593
474 533
296 789
244 447
533 587
28 671
181 806
833 971
297 953
82 449
844 600
675 44
34 188
457 547
522 345
371 933
387 840
686 428
542 175
641 498
431 948
358 636
592 668
538 542
333 434
360 80
751 108
76 148
367 887
998 575
378 412
927 753
553 912
165 474
312 2
973 371
646 155
725 754
265 396
650 607
716 475
648 843
449 40
16 206
685 523
556 579
726 24
668 133
787 97
130 932
249 372
667 132
178 776
847 849
810 325
494 682
10 977
503 552
865 435
916 809
264 432
191 863
808 647
843 356
993 343
313 965
425 643
361 541
476 250
260 747
337 345
410 152
358 242
73 98
974 920
153 186
175 521
124 615
41 621
278 770
135 143
949 626
328 31
76 869
495 157
704 426
79 338
301 820
509 49
36 423
57 289
518 647
336 280
408 914
926 475
197 517
293 966
20 2
811 325
132 580
264 724
410 894
659 429
114 244
43 48
941 535
357 336
964 328
424 937
902 130
599 204
829 583
407 401
194 94
148 988
846 590
795 968
189 345
616 187
882 540
843 405
161 760
164 521
222 259
422 193
830 194
283 141
819 206
95 326
808 508
62 315
193 184
175 120
696 337
516 68
667 464
374 488
250 170
624 979
643 347
331 487
169 448
740 521
246 214
640 775
852 50
139 441
838 5
642 304
398 682
225 90
227 948
448 935
675 680
785 280
861 45
936 156
221 142
370 712
480 8
758 863
906 636
227 773
67 568
328 172
443 237
350 740
110 617
914 862
111 784
349 667
229 142
998 40
619 293
736 7
186 40
741 282
194 591
957 700
774 232
524 455
357 402
223 633
447 97
195 472
345 491
915 819
792 166
304 571
764 162
198 696
366 386
377 939
802 306
768 334
753 256
803 701
591 607
446 389
164 31
436 155
644 320
759 415
469 221
914 58
221 524
717 903
961 125
744 891
728 352
946 491
982 277
531 191
360 167
461 289
853 40
31 684
910 161
35 681
772 194
350 466
308 143
524 611
905 487
155 192
526 497
253 765
783 450
792 943
505 982
781 29
32 996
71 445
753 686
240 839
24 948
723 882
123 914
35 276
934 596
395 140
897 706
510 65
14 994
196 432
89 768
755 675
297 819
210 20
854 789
819 594
163 150
976 611
774 426
82 474
853 831
381 206
73 741
1 64
384 72
992 413
646 880
850 983
997 900
608 237
115 463
210 457
600 833
234 451
396 886
38 595
275 383
370 3
246 918
472 591
342 176
777 213
916 508
557 510
442 251
501 716
989 161
26 989
617 316
817 674
924 189
68 620
864 643
243 766
688 593
801 150
855 991
511 645
792 463
223 17
759 99
619 724
856 642
967 150
922 565
109 17
856 305
106 688
606 381
971 32
620 899
797 969
729 86
986 847
737 611
796 828
966 244
491 561
520 166
26 179
581 451
306 227
110 997
255 196
538 278
131 980
585 785
886 812
330 380
964 441
830 673
12 32
840 417
306 453
14 946
510 125
352 11
228 694
524 75
173 115
949 754
624 423
41 641
968 468
716 818
628 38
722 95
733 813
729 861
896 256
533 213
536 295
129 151
59 850
647 45
188 694
671 187
529 662
881 599
93 591
264 569
64 891
978 830
124 427
642 606
312 293
524 328
843 620
509 592
902 167
299 510
483 250
359 919
216 479
747 909
967 852
125 529
851 923
18 60
19 237
854 89
848 883
721 507
388 478
248 863
688 716
274 485
596 608
173 753
182 833
74 374
753 271
829 486
316 159
622 679
678 213
169 491
614 727
338 466
374 316
857 790
363 45
989 522
376 336
799 496
654 269
865 156
452 322
296 881
942 8
945 649
231 976
443 192
3 856
317 743
913 544
745 337
87 27
139 88
651 932
213 790
508 281
949 172
723 358
281 319
724 533
447 366
247 561
894 477
110 232
842 632
681 830
38 581
940 29
45 658
154 678
926 472
964 171
488 228
307 680
259 888
452 327
760 848
629 724
203 984
185 53
208 114
744 324
119 324
935 484
855 48
507 430
733 660
113 811
1000 125
892 59
413 334
252 474
259 632
223 331
830 481
233 739
227 140
534 337
85 310
527 387
289 305
399 906
189 344
725 262
346 693
521 79
481 666
905 232
9 803
174 615
356 590
618 889
549 697
697 654
735 194
520 433
939 569
298 451
355 270
1 876
956 796
577 81
905 458
799 694
129 515
885 152
126 606
472 353
326 12
917 935
554 803
981 288
487 27
735 881
956 98
151 448
463 82
672 681
545 669
912 248
70 144
364 501
933 585
839 612
121 451
239 616
314 785
23 891
796 697
671 831
619 6
31 156
345 957
202 714
496 995
874 216
31 45
380 641
823 1
31 225
774 463
813 107
585 404
750 958
788 351
591 138
444 865
711 945
432 857
8 315
846 124
719 758
707 721
444 976
393 834
696 613
270 568
146 634
111 102
994 854
973 248
686 596
336 931
967 617
272 848
403 6
521 431
636 374
85 488
472 995
894 554
916 328
609 970
846 905
209 324
143 407
530 438
753 263
221 947
26 873
192 529
348 61
797 204
548 44
61 817
246 375
892 255
75 125
846 730
688 660
801 491
312 648
520 429
744 651
619 521
2 419
815 111
785 588
776 277
526 817
64 7
732 590
879 777
456 721
718 649
739 366
565 938
502 472
838 102
504 707
602 251
576 17
575 845
524 977
405 147
804 33
418 740
220 184
43 752
387 547
63 722
733 118
201 349
111 710
618 150
91 314
609 441
284 931
214 548
381 205
399 402
183 379
632 117
64 993
104 718
195 153
94 937
524 877
124 384
519 163
836 293
214 369
474 226
940 267
392 305
363 742
604 952
198 242
493 87
590 383
77 792
360 788
12 901
862 253
458 385
744 954
344 296
329 692
649 73
647 946
801 262
584 914
171 372
610 910
638 905
39 642
633 599
522 680
282 917
526 176
166 259
104 785
977 726
278 375
734 454
299 895
178 68
783 399
342 691
951 579
192 168
654 310
878 523
828 125
975 254
667 185
11 701
657 387
987 644
897 700
991 608
779 688
227 975
31 199
126 195
61 179
3 446
903 275
979 985
802 610
451 336
859 639
417 448
544 211
422 728
487 820
421 868
98 979
318 896
999 315
305 267
590 876
148 199
870 44
194 517
361 12
803 485
185 830
771 579
63 805
727 167
196 218
560 478
870 836
232 142
512 448
587 772
972 762
976 253
869 78
655 967
547 710
661 338
939 16
318 431
982 1
525 811
679 35
275 233
338 615
761 708
616 65
7 742
835 481
32 498
713 925
296 423
873 855
355 132
619 691
329 116
593 704
720 233
766 817
531 761
394 987
235 827
293 215
706 272
299 970
212 473
678 202
850 612
297 317
830 913
889 315
174 917
909 30
503 731
990 219
645 548
580 851
282 58
780 269
733 363
909 199
97 9
867 509
358 240
641 617
698 629
903 486
427 553
154 227
852 510
193 655
927 492
180 871
732 852
415 24
823 143
516 565
663 294
387 635
228 683
262 692
589 590
201 277
366 569
24 314
576 359
885 483
154 901
193 937
33 572
824 801
419 315
671 9
451 106
604 60
349 599
669 504
870 347
163 911
702 608
774 157
522 202
245 791
913 669
918 668
155 924
506 632
753 393
328 556
440 965
683 482
591 757
354 564
673 72
527 285
161 412
15 41
330 573
935 200
919 711
995 293
412 11
251 21
142 932
270 153
844 6
465 293
627 702
929 768
878 428
442 184
484 516
469 168
786 26
701 365
652 695
787 892
611 64
539 239
903 774
724 289
155 230
88 3
714 859
951 538
623 745
511 3
946 182
858 4
13 77
415 329
587 168
611 830
633 986
546 995
585 863
692 549
828 37
867 537
603 879
692 724
141 378
219 614
770 106
737 997
866 707
832 991
600 299
164 576
968 271
288 897
571 378
851 218
858 706
10 279
456 114
185 916
332 541
684 330
751 449
525 694
802 797
345 862
785 713
457 616
441 371
875 691
465 21
402 294
215 161
676 693
661 71
183 391
518 632
703 732
975 667
814 543
393 833
376 519
285 467
214 507
752 958
220 356
617 36
247 353
484 21
70 798
418 359
937 685
419 642
152 263
940 288
851 647
530 548
358 917
587 605
417 903
811 21
731 474
517 843
132 239
540 764
243 740
601 57
356 269
255 317
839 336
31 698
327 124
772 287
584 631
490 938
877 46
515 567
442 762
904 83
121 597
587 409
201 550
572 398
114 557
317 136
970 370
877 311
166 375
687 947
636 537
947 94
197 323
434 55
739 256
649 1000
210 718
463 128
545 719
861 877
199 650
349 57
338 298
800 507
784 646
171 412
735 741
996 955
62 785
253 743
254 505
864 285
793 791
430 900
202 751
101 507
671 931
395 108
732 179
89 673
578 809
704 404
375 637
139 99
827 478
86 611
214 404
231 590
489 379
512 626
38 710
183 491
752 68
559 892
637 108
747 756
986 292
915 992
369 366
404 347
176 458
532 95
91 249
642 747
799 541
941 605
545 476
838 827
885 896
636 10
34 714
40 659
777 50
616 102
24 212
181 698
863 434
900 200
114 367
826 259
83 900
946 570
319 524
251 330
715 251
164 579
611 442
327 381
657 838
696 156
626 357
274 270
424 447
596 445
743 574
412 640
360 721
434 72
112 114
635 270
304 676
89 678
370 989
745 831
338 383
365 192
537 555
611 886
338 956
192 216
214 901
748 453
301 43
528 497
432 294
589 728
515 141
183 11
233 286
788 562
805 636
737 158
242 596
25 10
392 771
599 624
56 752
182 112
755 814
63 983
444 699
768 861
695 178
275 703
628 87
702 762
495 88
902 488
963 234
747 579
841 650
328 851
510 575
497 844
483 433
194 804
102 741
987 97
806 743
76 256
792 113
827 31
693 191
363 820
16 135
237 787
863 611
77 938
995 443
315 797
247 478
378 411
803 544
857 358
184 80
717 154
129 593
597 452
635 881
954 440
359 913
802 376
52 79
540 804
463 663
839 280
830 37
796 461
47 197
838 592
911 812
423 101
905 995
554 43
57 529
4 8
208 611
602 319
643 467
744 708
429 918
231 270
718 804
476 471
740 528
196 566
123 638
343 801
217 501
805 220
938 575
615 757
23 224
837 220
268 201
328 292
679 981
318 835
193 654
68 302
822 723
326 994
510 159
49 836
262 378
620 898
876 532
642 252
281 377
999 350
939 48
971 907
10 197
828 745
555 611
42 562
684 389
866 781
572 562
498 3
63 169
211 922
380 35
107 797
695 436
76 292
683 340
377 908
408 970
124 175
881 300
954 592
95 894
208 914
616 47
707 376
913 489
91 975
442 963
856 717
393 369
108 266
109 223
327 40
679 343
94 333
847 785
460 399
208 688
212 280
71 39
626 346
66 675
502 161
268 681
18 805
736 769
990 922
478 206
840 831
936 714
930 909
629 363
23 38
761 291
669 528
763 509
658 771
918 305
850 426
260 714
840 615
177 220
207 342
790 110
6 569
52 466
358 108
31 158
767 128
418 817
419 248
186 213
480 506
33 622
272 818
405 166
724 964
504 351
750 956
767 998
202 788
550 840
495 35
315 665
712 19
197 597
716 971
807 412
812 54
577 653
945 659
307 646
290 456
772 964
777 938
495 317
138 148
191 915
596 166
536 41
777 827
506 669
802 305
401 360
990 570
117 32
848 31
260 421
844 639
921 962
701 962
820 12
723 886
554 80
296 352
973 538
246 484
666 523
950 778
403 565
333 780
852 780
389 522
378 919
711 59
839 6
934 798
220 133
863 589
49 634
325 797
576 885
577 428
689 554
317 873
139 585
726 527
639 314
833 490
663 26
701 963
813 649
724 36
728 991
455 943
294 157
74 241
573 265
300 883
918 98
469 880
73 63
699 351
148 463
784 191
162 767
10 443
980 467
861 210
570 339
770 401
132 874
812 244
633 305
376 838
451 148
548 270
715 823
20 999
247 114
88 947
214 405
106 354
610 812
328 824
538 663
213 692
779 707
105 170
413 97
767 760
237 925
879 18
792 22
96 419
6 496
592 611
337 975
856 841
618 360
394 286
103 736
454 678
788 194
256 339
630 783
596 907
775 324
744 158
265 11
564 425
530 521
12 816
136 868
592 978
650 190
247 106
656 867
507 217
548 849
808 778
294 25
578 396
942 853
669 995
7 764
198 581
659 53
109 22
195 219
437 559
139 937
820 480
87 547
625 120
844 478
188 346
868 468
62 359
982 308
914 172
941 833
554 199
442 733
152 847
30 848
348 519
40 208
627 820
870 644
299 881
247 607
782 894
767 260
526 826
27 875
84 104
527 558
995 229
440 597
633 913
366 705
230 786
684 339
810 914
908 22
805 346
823 5
997 788
597 520
234 231
729 640
608 831
348 250
901 892
296 581
119 825
470 589
509 41
227 441
949 913
474 307
789 56
832 597
377 260
500 707
487 967
695 290
493 390
992 299
920 56
105 134
441 900
774 70
893 342
196 789
94 677
630 875
186 688
19 421
937 234
779 62
130 895
114 430
258 557
467 738
341 133
829 656
212 662
308 353
701 470
213 44
509 843
493 748
259 332
500 419
43 549
193 208
493 604
621 240
805 505
662 594
592 506
951 985
307 457
978 622
761 262
118 901
84 29
32 703
424 186
478 269
373 249
952 752
168 191
100 261
283 670
106 855
433 13
604 184
241 964
884 794
634 321
504 102
966 256
755 751
572 356
409 981
581 87
231 802
987 384
36 348
309 293
845 947
405 242
865 265
146 898
96 269
567 382
374 272
357 122
822 28
238 471
383 810
295 180
872 269
157 179
440 505
955 554
775 383
707 93
251 969
986 396
533 313
596 180
596 963
433 357
315 824
531 690
33 239
860 532
350 958
5 1
243 522
942 802
195 687
218 340
381 680
990 750
39 358
570 528
208 689
870 16
322 425
783 212
291 650
844 486
437 454
624 888
803 611
347 951
387 12
226 60
657 158
311 501
70 4
363 10
149 759
352 574
258 146
611 800
122 351
418 620
36 3
697 847
921 323
813 309
743 180
736 164
657 329
586 113
879 980
980 231
352 71
255 996
724 231
866 688
228 585
689 201
466 194
555 60
127 689
385 168
545 67
25 193
154 999
837 354
784 370
107 589
971 944
609 259
284 969
727 343
837 755
461 223
427 979
673 927
176 337
582 585
884 417
209 159
749 254
750 270
200 422
276 891
690 396
578 647
261 233
769 418
483 345
858 183
468 696
608 402
830 305
782 436
346 882
863 715
144 296
551 177
977 956
296 686
946 645
433 862
917 997
768 497
517 218
347 637
568 139
745 449
985 458
606 506
492 206
882 834
991 36
14 855
612 175
26 534
852 926
514 739
97 907
648 101
443 611
151 146
178 204
255 462
174 526
604 694
207 363
300 703
464 853
838 443
202 41
314 623
114 781
577 419
10 868
411 495
785 222
249 498
240 891
828 84
22 135
832 31
672 712
359 66
883 636
478 837
793 868
126 808
140 965
586 149
453 154
515 147
184 897
849 717
997 605
687 497
291 448
354 146
420 983
565 944
159 217
417 426
428 7
888 115
686 298
178 839
828 527
577 777
651 14
305 462
289 961
966 901
492 840
552 601
661 89
665 414
594 460
996 328
246 891
798 194
926 23
954 836
918 747
752 811
627 477
646 33
498 219
691 347
673 133
639 982
859 254
398 542
642 664
922 493
371 520
502 802
752 521
754 123
493 997
665 986
905 75
344 299
140 392
489 838
612 252
448 281
714 997
435 5
91 679
700 527
645 154
908 636
969 634
914 173
952 776
551 288
666 570
98 72
856 420
433 437
749 359
911 744
882 584
114 990
121 682
781 172
969 340
308 962
59 460
814 332
482 973
980 60
58 144
353 88
300 961
365 785
719 198
757 63
5 832
724 168
106 131
234 468
328 153
92 466
718 394
311 112
828 350
666 97
334 403
392 950
279 534
373 439
233 31
732 226
14 801
400 661
257 60
3 560
794 461
7 488
120 138
926 710
304 113
736 84
954 151
426 556
851 261
284 898
980 615
739 824
988 954
828 531
78 182
814 746
920 57
975 605
634 849
645 572
916 45
404 377
350 275
320 884
962 319
265 213
360 85
640 39
290 352
95 759
647 348
393 121
532 820
333 655
688 482
981 867
13 529
677 634
790 843
238 884
721 366
152 543
235 542
967 225
643 567
666 892
756 864
939 320
388 474
10 718
644 171
493 747
35 660
786 68
680 735
113 472
373 934
395 524
287 254
292 483
938 573
712 363
193 610
321 597
896 821
658 940
509 392
435 477
330 269
671 694
304 416
451 531
254 420
737 990
828 499
442 306
561 264
70 330
576 459
206 186
617 753
101 305
733 812
848 48
980 635
196 170
278 941
685 986
286 603
172 179
475 994
498 1
665 961
524 431
449 411
693 352
825 920
879 85
863 560
303 857
261 244
986 397
968 944
592 780
902 135
576 495
927 720
860 533
644 364
482 367
462 809
782 328
285 816
248 80
312 914
96 825
613 844
373 759
446 381
81 922
235 762
185 396
414 735
273 985
290 985
221 547
866 440
39 758
649 134
498 596
192 727
947 937
714 612
474 722
437 919
41 470
568 771
505 129
291 508
383 224
387 15
800 244
840 801
213 801
40 169
594 255
10 833
597 907
654 322
550 307
58 597
960 121
1000 874
748 504
325 89
879 460
127 472
335 16
391 354
50 160
288 789
951 90
989 19
917 758
832 978
742 373
154 194
157 673
784 85
36 226
21 146
149 973
900 907
242 666
699 88
888 88
46 686
619 280
253 122
716 886
253 109
742 38
340 830
180 523
595 155
842 664
741 406
765 112
397 822
401 691
953 382
238 496
673 613
295 91
228 142
47 714
858 261
769 284
309 75
898 696
792 171
99 699
601 733
927 551
493 111
904 436
595 655
134 505
372 796
251 69
214 75
752 750
308 4
327 488
99 200
260 423
890 628
284 61
964 591
492 184
458 504
901 186
632 759
730 140
35 846
298 392
544 472
549 857
435 89
592 308
495 385
526 75
787 925
992 665
990 116
536 667
248 633
431 180
291 903
109 628
772 890
417 877
895 142
340 40
183 770
956 2
25 352
687 146
987 700
588 629
521 522
629 111
903 410
373 289
102 710
657 308
895 492
914 669
220 180
597 626
966 129
504 415
927 417
340 525
569 829
415 645
914 812
646 964
497 746
137 937
504 270
106 576
578 804
741 680
723 437
580 362
233 65
551 603
236 844
388 653
831 443
580 249
51 698
55 697
744 482
372 547
120 444
422 130
458 856
475 810
4 588
812 427
815 772
816 942
512 407
215 932
454 676
146 749
848 479
627 309
81 448
692 352
17 600
517 795
275 96
955 706
103 960
221 841
310 698
259 692
406 933
961 306
100 858
446 426
281 725
17 378
215 635
165 258
22 757
522 709
84 438
299 170
69 678
160 398
624 675
606 471
517 78
174 675
984 235
748 892
235 851
736 860
56 318
151 177
6 726
913 98
507 519
634 230
303 859
257 631
466 327
620 100
1 586
97 225
238 224
814 188
173 332
712 514
620 251
841 226
969 437
934 629
889 238
762 356
711 827
359 857
613 956
686 101
746 944
254 107
366 545
774 504
499 64
284 876
690 299
693 760
698 814
789 213
370 495
833 973
100 238
910 891
199 138
989 494
385 256
884 196
557 170
53 213
659 550
837 970
719 682
615 453
546 204
887 889
272 781
187 57
890 859
851 723
925 168
600 977
638 649
935 83
868 950
741 128
1000 52
584 325
587 614
159 641
38 850
596 792
834 917
372 852
284 502
165 341
151 902
639 811
237 451
113 253
648 192
652 824
269 328
553 709
915 298
517 418
443 573
80 401
47 183
880 424
672 139
991 396
835 656
148 845
240 934
517 324
166 434
559 185
100 690
179 773
259 253
577 362
447 832
339 75
589 919
473 657
58 545
404 533
166 668
814 216
227 926
546 842
675 690
785 310
145 663
284 865
538 230
120 969
371 127
37 530
116 61
98 512
372 167
814 954
743 112
931 122
951 103
42 799
23 560
872 962
991 196
96 144
777 721
281 258
962 643
211 577
485 34
603 707
140 579
310 183
445 660
686 466
747 544
582 158
233 69
650 387
765 476
158 250
242 752
627 600
423 210
299 64
357 346
195 371
698 262
923 631
997 266
375 106
696 795
806 480
238 166
851 973
912 787
251 41
968 623
221 945
884 706
43 869
669 937
946 622
506 457
535 512
351 163
887 493
563 459
566 706
558 722
959 561
908 517
636 898
13 871
524 298
19 490
653 855
32 834
848 513
249 307
609 659
3 79
757 212
44 609
406 24
942 446
143 875
457 208
735 653
619 108
857 535
755 604
899 278
392 992
724 225
482 724
410 361
563 677
729 589
141 455
1 348
384 324
385 61
149 972
617 748
529 934
219 792
625 829
989 308
295 487
409 800
133 617
210 332
265 703
505 888
713 291
458 978
310 147
383 891
812 49
116 934
63 889
98 788
578 629
470 853
953 193
110 316
493 332
976 810
557 259
171 456
816 899
708 241
4 760
205 169
854 318
219 373
294 353
242 174
43 931
280 495
13 711
90 458
366 375
42 105
763 576
674 882
569 152
541 194
95 125
612 169
61 957
209 746
428 908
288 263
938 833
597 76
609 912
697 542
961 145
415 664
18 690
334 616
193 440
827 953
296 959
230 993
226 288
11 660
35 282
473 728
572 83
53 182
727 817
358 188
32 728
757 458
262 438
46 489
572 945
633 325
962 789
177 807
618 147
139 22
931 50
800 773
243 106
219 626
689 68
196 92
806 797
590 900
855 865
613 493
171 278
906 975
121 763
824 588
239 79
613 382
797 359
29 797
730 698
124 413
841 611
114 167
993 680
579 435
941 712
502 518
181 115
76 367
904 450
298 945
48 648
566 334
569 474
753 341
76 254
977 781
9 51
835 379
603 527
947 597
220 829
833 334
907 951
35 924
307 163
345 20
942 971
35 897
912 746
398 185
330 851
437 605
222 477
526 835
190 831
47 146
857 98
491 492
844 296
155 53
811 762
218 735
809 16
84 4
801 724
537 958
408 183
44 666
687 192
409 866
236 350
295 875
667 188
740 862
399 825
20 578
75 553
439 8
754 180
784 15
611 600
975 27
135 160
173 109
33 954
286 276
387 976
164 851
187 177
577 969
816 271
266 800
170 442
56 756
465 448
765 213
858 553
505 839
384 42
65 747
262 79
928 663
710 585
120 240
882 482
129 794
314 278
172 856
64 881
472 642
932 930
534 618
974 285
152 468
652 700
263 448
397 974
74 813
950 282
220 995
539 813
223 460
176 882
512 227
972 542
256 417
169 896
776 896
541 104
635 885
561 618
543 558
379 51
217 908
436 170
368 288
367 594
85 141
722 846
706 75
155 499
528 887
928 49
527 75
655 390
911 808
970 468
199 10
65 481
739 106
763 247
50 374
251 475
729 180
517 257
508 909
658 136
752 243
221 272
596 332
745 910
207 367
827 624
40 94
3 82
701 919
357 705
227 357
537 523
69 616
850 450
353 122
886 268
465 608
1 647
912 33
288 779
450 358
606 927
370 735
922 70
465 753
16 266
293 442
875 938
775 807
651 339
943 541
760 759
263 986
380 746
694 998
382 296
351 916
172 30
599 641
357 22
231 573
47 680
231 143
916 237
388 582
560 191
390 252
708 15
584 53
837 685
750 646
842 757
284 646
232 239
103 724
161 181
57 4
534 630
422 316
559 22
707 94
894 560
592 782
534 993
539 777
385 702
461 491
778 447
66 509
798 826
95 890
722 528
156 238
998 685
213 491
342 193
437 755
665 912
498 963
407 287
781 558
531 59
787 165
754 272
938 987
416 355
969 935
752 305
352 943
960 302
291 540
537 852
23 461
670 716
840 803
434 795
994 52
425 855
245 126
943 253
503 698
417 839
753 699
573 112
331 621
919 100
776 462
886 505
101 671
853 736
675 704
639 147
288 738
918 420
477 140
619 111
322 923
676 254
823 377
145 626
349 498
900 998
278 950
495 941
441 404
519 753
581 72
400 735
111 793
685 26
944 412
692 425
988 973
590 937
152 255
315 669
600 765
879 405
2 577
620 774
205 70
704 683
725 895
851 428
615 447
836 440
803 305
427 434
310 771
683 295
793 491
691 816
449 685
410 861
802 107
553 823
743 987
579 103
241 156
227 73
389 178
952 418
271 178
75 277
169 984
425 358
483 56
431 312
687 400
264 51
999 645
377 654
798 560
940 858
269 318
97 543
901 201
762 662
796 49
355 195
245 764
264 273
213 386
485 989
986 594
865 387
735 338
832 372
886 59
852 895
404 220
198 386
708 299
629 331
739 263
499 554
706 708
751 722
770 809
588 736
239 692
650 851
316 419
136 521
69 149
35 285
452 946
737 4
928 226
465 313
60 191
410 330
267 463
521 776
533 984
586 916
275 968
135 204
375 715
124 585
180 971
110 524
599 629
871 855
304 39
713 333
162 477
842 555
334 199
135 498
11 160
638 945
909 711
15 680
862 825
711 800
601 654
376 663
752 814
90 141
412 170
431 766
509 566
592 982
152 663
63 451
1000 443
507 221
803 920
973 472
411 787
913 437
217 32
293 475
524 359
223 30
191 508
251 321
169 214
744 435
227 297
175 72
142 131
402 298
715 476
878 632
493 550
460 689
762 17
343 792
179 811
827 599
644 871
719 429
593 777
266 749
675 523
765 513
456 755
465 635
980 174
504 223
50 151
378 760
434 822
760 272
98 651
175 637
396 382
415 34
418 770
92 429
917 300
900 958
171 966
153 87
944 326
317 732
177 105
949 763
940 786
278 745
561 451
600 407
845 907
654 999
932 717
682 760
22 802
901 538
450 292
983 242
286 70
90 847
932 604
702 590
150 753
889 665
582 660
108 863
950 360
169 741
846 809
629 679
480 994
546 61
858 251
552 854
632 484
711 554
930 335
34 888
824 420
130 891
392 162
670 277
284 496
657 618
485 381
812 574
262 539
122 784
948 14
369 841
134 737
86 302
805 251
240 250
406 673
890 685
339 766
875 464
584 771
97 944
460 582
339 879
396 222
478 404
753 781
274 766
645 413
648 399
905 544
1000 994
841 418
834 321
18 763
883 795
888 643
995 681
304 468
361 517
442 334
814 247
857 569
641 612
552 73
93 119
420 281
218 203
140 904
720 874
975 510
462 39
390 736
414 330
396 753
385 64
119 793
81 539
488 973
784 266
219 175
883 196
171 704
79 459
964 3
802 866
529 730
641 32
271 741
112 908
30 20
739 658
941 766
693 365
552 931
772 636
664 29
829 893
526 647
525 848
181 938
294 379
705 544
333 735
281 892
66 506
565 980
582 914
454 637
511 612
289 455
246 755
337 565
809 659
792 415
385 863
668 370
373 756
320 480
764 491
414 706
207 637
921 156
673 285
184 318
75 393
95 168
445 425
781 271
490 594
677 206
681 139
562 702
545 948
928 250
731 801
588 878
58 993
849 938
222 180
562 273
880 180
226 282
425 205
469 758
667 602
828 35
687 685
376 482
250 519
272 237
108 343
662 958
738 272
712 683
339 509
125 362
676 78
7 412
943 560
747 339
345 823
306 535
640 632
662 152
974 158
797 639
963 395
709 147
879 295
770 313
433 525
14 482
254 899
789 124
917 183
284 628
217 527
661 178
50 558
284 747
525 995
135 433
772 592
722 467
85 497
712 325
363 755
768 215
418 464
648 557
384 70
708 913
933 564
91 945
100 161
446 397
711 387
804 807
472 776
200 791
844 32
630 625
338 849
49 770
490 916
342 861
164 597
442 851
77 544
946 483
543 775
953 269
18 910
574 235
557 999
545 999
986 595
145 17
148 912
809 58
772 202
460 654
325 792
182 691
18 688
429 874
72 569
148 758
723 984
957 308
5 967
390 607
942 472
822 626
730 729
878 814
405 370
758 768
409 119
653 172
239 405
735 624
520 639
372 106
300 255
27 593
585 95
859 616
767 163
144 275
606 743
292 875
538 79
520 718
297 827
85 992
90 598
237 741
770 362
771 991
684 292
741 725
205 217
444 685
175 815
695 164
37 778
527 923
484 209
341 680
200 232
73 638
661 101
774 204
926 27
177 520
587 785
414 207
105 701
330 167
360 125
180 264
454 667
897 416
826 262
845 42
575 129
560 422
959 38
74 902
181 994
818 376
540 687
543 564
143 90
915 53
935 142
386 46
61 765
557 664
192 628
190 963
742 668
786 186
255 571
556 592
5 470
703 259
891 35
485 798
469 249
203 88
636 370
520 821
614 961
740 260
83 635
31 763
951 954
110 116
701 175
292 127
838 264
93 368
686 785
309 776
537 557
577 316
724 69
288 54
568 553
614 451
914 621
135 781
514 182
954 433
40 273
738 472
666 109
79 208
997 637
64 695
463 305
582 201
736 249
55 75
921 89
409 877
430 533
775 995
707 953
897 113
720 572
784 9
261 506
375 972
106 323
719 995
771 729
242 899
996 360
289 82
932 940
57 494
529 910
600 980
694 866
273 582
661 347
664 433
186 701
940 486
462 934
856 985
964 492
363 699
159 642
488 630
146 351
294 175
257 356
947 691
621 312
293 365
337 601
30 516
434 437
678 912
868 358
762 737
501 379
526 228
10 490
458 142
648 82
208 601
598 202
925 666
13 832
473 843
94 117
847 601
973 686
886 241
834 340
355 504
908 834
142 446
611 779
539 38
157 951
619 244
288 670
753 622
438 896
426 968
23 254
705 451
101 714
590 518
719 166
633 33
797 888
253 880
617 757
192 472
585 23
36 345
734 394
455 432
746 34
818 407
784 267
91 379
37 881
186 29
102 81
376 826
43 408
195 201
106 276
498 661
498 426
615 405
937 148
471 509
128 13
96 497
812 479
889 692
907 309
789 923
233 824
694 991
882 151
114 237
217 716
753 386
362 862
609 934
938 276
354 463
261 1
726 351
964 13
540 12
129 695
848 41
756 930
795 594
190 8
624 512
161 262
604 750
200 764
192 700
7 707
138 574
530 364
913 380
369 884
762 773
543 802
450 751
184 319
661 819
938 872
373 789
328 780
364 184
883 944
882 573
387 115
835 881
586 265
808 259
341 941
10 845
266 37
948 551
287 433
338 321
416 410
473 754
684 908
776 607
886 366
245 414
211 34
503 986
419 17
224 151
280 745
634 366
696 631
653 280
719 480
159 409
979 530
519 755
975 477
465 364
586 860
219 797
292 967
404 249
296 514
153 447
559 515
263 70
395 470
459 499
146 848
153 296
63 789
582 563
345 720
509 861
992 377
777 579
270 512
471 385
437 17
755 10
217 754
265 128
871 666
198 806
164 914
864 914
833 581
464 480
392 285
581 539
270 290
643 964
722 611
829 209
856 913
765 735
87 311
367 551
596 851
325 707
198 595
109 44
809 654
186 855
643 900
320 461
85 67
801 370
821 895
861 674
592 153
822 922
942 469
971 63
296 245
902 675
339 697
550 113
240 914
437 792
602 608
896 979
70 970
164 155
643 974
763 559
357 694
676 318
352 282
6 765
558 830
523 373
586 15
309 932
776 635
117 135
14 991
663 502
166 810
150 175
742 277
158 408
605 3
23 516
335 790
853 631
102 7
452 82
594 167
831 598
483 700
655 676
103 427
486 305
604 76
551 599
92 152
664 777
58 24
939 133
755 121
996 373
872 315
465 251
173 47
533 410
380 338
793 453
668 759
7 839
526 717
877 711
881 652
419 679
460 9
375 190
697 18
381 521
632 569
122 907
853 984
910 334
356 296
375 476
714 710
324 782
711 615
165 270
810 53
605 7
521 62
246 427
878 415
69 674
770 508
571 928
802 631
810 196
558 670
260 165
126 700
843 20
818 842
892 274
790 492
227 648
469 587
297 346
5 937
944 907
619 779
467 102
767 403
255 207
361 696
126 376
310 355
311 222
204 812
576 117
211 319
840 426
69 24
425 41
163 95
220 148
187 69
44 330
597 530
908 483
31 92
968 334
41 403
314 64
395 385
107 635
346 465
236 794
326 667
2 741
591 165
793 22
985 97
617 826
745 269
767 932
55 360
594 26
65 744
800 64
225 495
418 196
755 85
688 42
500 632
251 690
234 556
146 698
37 558
726 449
51 715
587 909
733 647
25 760
7 568
503 73
125 951
734 991
40 743
366 323
127 382
816 684
428 674
103 992
221 937
630 527
132 174
449 38
530 265
895 697
821 774
381 783
644 257
352 791
207 667
236 108
356 595
782 147
18 827
839 422
472 112
400 509
400 707
991 123
117 650
902 728
687 786
965 604
602 262
160 285
477 786
245 246
501 156
563 145
784 674
378 969
728 347
662 711
540 231
227 676
925 955
433 293
417 952
35 505
566 951
326 168
130 479
424 160
667 236
465 980
374 676
895 66
914 575
383 446
610 494
205 906
830 763
615 835
656 138
782 638
849 767
689 854
467 231
106 224
219 899
555 813
990 44
192 473
193 816
658 730
590 801
662 242
832 745
745 344
67 356
267 102
470 611
966 548
260 915
105 74
158 988
650 295
751 327
807 497
366 803
496 373
538 678
320 951
82 298
980 759
87 95
773 434
385 401
812 472
851 514
64 848
567 546
405 798
200 432
265 22
82 588
229 779
696 688
65 903
233 601
237 129
252 704
479 847
226 754
407 427
380 399
329 747
640 739
939 274
319 764
657 997
470 376
751 729
40 993
402 248
919 445
167 440
308 167
639 544
47 230
232 111
187 995
965 560
855 764
680 672
678 159
457 361
238 742
509 423
616 466
361 965
52 622
899 239
439 318
316 43
896 871
531 504
607 301
131 902
447 864
411 438
433 210
396 34
897 176
988 388
330 298
961 580
622 333
547 415
378 574
446 54
991 928
101 638
858 859
982 196
510 162
93 970
295 530
337 280
657 323
229 282
391 127
654 643
92 6
148 272
284 848
582 417
625 898
664 814
977 345
832 612
232 272
819 798
788 471
737 441
702 693
206 804
816 40
360 500
146 627
150 703
431 630
823 732
59 627
99 702
280 324
601 544
564 476
11 500
929 105
659 320
699 579
426 37
636 510
543 594
602 186
878 39
240 471
38 158
938 152
846 513
521 204
962 2
810 94
259 748
298 138
504 667
263 952
912 642
14 852
117 721
467 510
599 441
251 279
307 105
757 993
649 822
523 861
502 132
285 674
469 453
199 860
543 248
960 444
870 659
139 753
486 648
527 930
804 741
161 877
719 458
481 8
361 562
880 210
843 294
61 381
46 19
925 788
231 45
452 814
804 475
255 187
189 183
956 142
975 146
577 711
724 146
11 793
633 279
457 833
19 966
63 709
279 520
46 493
339 357
20 648
386 462
51 138
29 582
368 481
270 848
998 38
716 854
79 284
399 485
382 359
590 904
115 40
977 325
945 807
767 528
181 349
347 77
534 723
370 166
9 452
742 854
52 430
181 206
789 783
902 38
620 487
159 539
817 462
935 426
432 555
181 992
733 723
312 113
43 629
25 652
655 136
694 165
523 815
554 285
384 573
960 988
43 784
246 313
266 118
70 619
180 223
420 590
645 115
960 587
766 173
319 564
89 99
550 176
214 386
365 310
466 955
909 271
269 176
112 27
147 748
282 781
725 39
666 983
408 747
160 353
895 843
198 233
456 536
97 794
525 629
636 565
505 45
516 149
684 823
593 782
211 255
718 754
433 195
120 835
239 570
353 963
705 406
687 290
658 612
698 969
680 180
666 663
900 953
978 457
444 621
746 957
358 47
54 788
260 932
495 130
22 374
337 352
90 552
239 137
137 601
154 985
963 325
509 333
825 676
664 870
402 738
81 244
355 533
175 946
915 919
600 116
609 702
148 46
744 451
465 230
301 632
765 51
712 161
17 797
470 145
772 923
938 431
646 116
149 452
560 501
355 755
30 473
626 874
592 806
275 18
315 789
63 403
252 456
332 112
929 898
167 262
673 389
765 631
569 212
553 703
716 93
86 887
39 712
441 585
198 861
236 250
184 293
937 169
522 629
317 87
815 200
430 302
857 66
832 124
606 327
753 608
240 76
147 520
503 573
678 195
790 393
682 270
369 569
302 215
982 565
896 924
532 780
649 552
101 871
157 949
991 839
178 496
515 51
116 356
776 421
893 636
747 984
786 1000
642 69
148 398
420 363
222 539
978 429
359 101
770 417
811 727
573 556
593 291
603 681
541 781
736 118
430 775
540 671
582 469
471 14
873 76
927 811
91 27
419 512
169 693
315 595
312 203
313 118
703 897
997 164
854 279
730 993
327 365
18 377
561 569
959 755
91 854
493 22
597 480
212 578
855 808
144 674
773 117
367 626
940 794
246 353
618 988
126 795
967 195
532 492
57 964
962 802
194 375
566 613
933 192
382 660
268 673
456 961
350 509
443 717
101 953
445 279
999 976
123 677
182 682
348 710
39 735
547 66
210 739
670 166
232 951
994 163
905 722
73 186
400 934
500 223
849 442
554 730
576 446
478 754
797 858
137 1000
248 31
466 42
874 191
845 622
757 354
85 969
943 573
747 340
631 91
427 810
694 236
201 393
920 345
884 85
67 464
234 323
716 963
388 550
851 432
91 103
531 201
811 878
150 700
389 412
925 250
371 794
199 501
993 752
891 333
433 966
765 733
432 671
75 265
755 475
44 38
609 330
985 418
501 163
19 190
973 385
647 576
431 437
661 54
1 426
296 360
334 800
601 227
449 158
920 477
431 26
625 37
753 1000
706 318
467 366
126 529
731 913
623 679
883 950
866 184
575 512
286 865
732 721
750 741
865 496
44 691
636 641
732 576
550 337
308 868
314 729
650 863
79 987
203 316
396 455
163 468
790 147
520 915
480 176
796 608
839 578
844 852
24 605
334 446
961 840
106 57
514 64
608 811
155 177
864 389
314 938
850 168
135 200
625 988
404 159
188 566
906 889
210 154
158 906
729 846
695 161
309 358
534 353
756 433
168 698
333 160
685 907
926 399
485 101
31 297
16 638
516 955
194 985
546 162
555 304
21 372
349 775
498 67
119 401
696 762
570 159
110 76
475 849
77 957
137 504
691 897
43 306
375 41
268 805
47 372
622 90
74 532
204 151
502 852
484 743
360 941
34 562
164 741
256 760
921 934
369 161
591 970
208 737
122 336
588 124
792 585
338 707
563 262
781 451
583 955
783 277
95 237
78 981
725 38
99 755
718 588
791 927
26 279
100 644
602 578
126 412
681 81
204 682
121 124
505 413
966 114
992 921
426 979
978 676
409 167
410 136
193 520
984 301
572 12
828 486
61 497
889 240
541 775
32 761
667 977
482 665
28 877
67 625
101 262
853 887
784 290
436 605
243 77
832 574
634 902
492 594
926 344
929 468
750 636
16 971
845 792
21 438
663 619
480 664
582 633
340 892
417 169
256 233
724 730
543 358
124 446
217 580
197 678
521 412
727 647
280 270
727 122
787 321
552 858
241 207
459 272
42 264
207 982
99 761
81 294
360 235
218 201
735 428
77 818
359 904
996 735
986 210
532 346
792 391
575 388
778 809
485 686
240 924
920 619
187 114
834 177
142 240
164 616
868 496
592 249
925 663
965 602
991 394
813 918
979 466
131 529
778 939
106 554
782 947
188 582
701 33
196 492
94 340
395 914
89 649
87 914
166 519
79 994
245 22
841 311
146 95
643 9
573 216
795 322
561 511
31 796
969 91
546 695
84 874
984 696
289 582
660 578
718 489
776 772
49 70
430 965
383 623
774 478
28 992
158 947
803 58
660 401
261 586
710 543
159 303
665 41
318 644
64 803
690 555
450 260
901 651
10 44
824 504
676 633
203 981
114 232
756 655
191 124
671 422
565 943
603 20
19 427
650 239
523 375
138 987
307 960
200 656
94 536
577 615
725 666
565 619
787 59
189 103
29 260
857 131
548 992
645 74
449 177
434 295
515 594
623 541
207 494
189 79
838 708
910 209
126 762
930 787
970 324
348 592
676 721
645 364
4 356
351 847
127 148
753 813
476 396
430 37
966 43
935 489
2 103
225 86
264 519
870 934
267 329
729 550
44 381
598 768
292 883
258 319
392 885
944 258
15 957
435 845
148 274
167 726
244 507
524 149
716 629
680 427
332 614
3 670
775 36
11 187
694 156
551 573
368 850
275 766
833 824
910 932
656 707
622 498
234 467
343 215
766 568
114 252
627 457
646 61
258 786
885 769
372 756
66 427
873 841
674 170
143 221
769 646
718 703
578 270
29 198
203 223
367 825
619 243
303 264
450 812
548 949
630 629
282 533
342 849
952 133
260 204
35 708
807 654
407 28
9 725
451 916
360 767
783 417
252 949
90 94
991 563
501 996
795 127
814 457
834 411
653 885
268 469
876 2
145 422
365 515
23 93
140 946
364 445
576 253
28 612
381 520
931 845
921 295
689 771
637 589
656 212
163 420
239 401
330 479
461 695
922 187
651 459
192 404
28 778
770 130
16 194
624 439
497 739
849 598
832 676
950 244
884 868
153 408
143 121
673 593
904 378
582 387
480 765
776 954
390 46
50 643
894 256
73 610
402 600
220 759
243 142
740 27
416 452
641 157
897 267
360 866
669 295
925 221
67 237
105 290
935 136
677 876
87 497
989 726
612 311
725 624
764 218
801 64
298 320
859 246
436 45
261 70
601 947
621 336
722 725
445 154
315 864
433 882
895 646
507 833
517 38
946 560
773 989
133 446
670 623
536 591
792 761
887 320
602 720
160 355
90 262
939 651
135 730
691 26
596 743
434 977
329 253
207 196
670 920
149 699
261 913
353 80
53 413
268 223
434 819
128 586
491 814
990 260
918 97
791 237
261 802
671 875
103 149
197 208
679 952
404 862
116 32
44 325
157 610
548 117
141 521
438 117
866 624
794 469
983 939
716 806
589 560
935 516
385 232
975 263
676 864
989 487
719 770
357 77
160 519
413 171
953 334
185 180
902 113
310 972
863 125
80 76
200 137
712 385
747 403
995 306
498 838
743 912
389 245
969 519
548 894
682 200
683 145
863 408
759 91
192 707
562 757
375 338
566 761
676 698
834 289
70 887
930 780
491 462
183 524
809 997
299 162
464 902
66 966
514 624
44 741
705 165
731 841
787 587
103 580
628 586
81 761
149 321
91 4
727 774
727 217
451 539
72 964
202 331
476 126
633 37
638 310
965 46
197 180
988 193
737 71
975 453
173 75
712 771
125 306
305 757
92 61
755 871
183 150
702 930
168 597
996 603
708 343
50 617
824 812
992 482
920 383
598 419
393 705
315 627
37 974
538 677
64 804
673 906
727 315
556 65
100 453
746 339
51 699
233 828
755 163
402 824
479 803
651 812
411 515
485 414
223 302
423 856
906 370
13 732
214 39
329 799
769 554
630 767
668 472
373 590
264 681
263 704
639 871
530 473
587 648
78 705
114 865
639 299
164 574
492 227
256 673
850 663
60 511
795 884
354 156
155 469
235 643
971 23
888 855
375 208
775 537
710 496
948 269
703 972
54 426
536 647
352 532
460 615
652 569
800 268
736 650
559 90
545 568
146 369
472 284
148 735
899 97
495 512
671 525
378 714
144 14
1 395
263 161
961 601
892 951
508 764
469 866
793 768
478 752
604 326
197 168
325 355
315 437
707 599
509 119
491 532
278 682
335 943
448 705
733 776
828 636
465 2
447 438
758 800
246 788
63 870
889 148
693 475
696 625
350 726
81 67
856 887
447 148
506 560
103 758
877 735
892 167
276 780
561 348
553 842
717 199
424 626
668 397
483 209
484 894
985 311
52 154
290 531
539 664
428 729
284 53
34 556
113 45
259 721
467 586
777 108
874 936
726 89
714 561
606 483
423 897
921 889
188 328
342 961
571 777
637 767
834 361
875 415
450 638
715 54
379 723
809 61
565 232
286 871
198 19
931 104
865 502
519 783
810 401
204 640
44 685
463 840
726 517
140 152
658 861
73 203
36 985
154 12
562 385
1000 846
70 232
161 661
564 29
222 951
940 518
649 759
118 740
102 217
88 439
533 625
69 659
993 116
172 303
987 594
607 689
956 495
261 751
979 950
871 252
650 657
300 26
2 618
341 706
267 163
876 741
36 492
45 362
963 251
584 228
263 964
968 131
552 578
20 88
628 245
591 483
205 100
685 794
837 623
424 816
441 118
326 440
382 572
447 136
988 987
704 557
418 414
38 991
440 442
441 999
584 185
711 572
474 153
366 427
886 89
445 808
925 510
578 386
434 394
17 370
931 326
593 327
223 4
193 81
229 691
395 753
627 992
995 68
852 955
28 133
568 498
491 485
255 260
763 337
336 268
147 606
847 753
23 499
705 216
672 271
670 782
911 608
770 916
809 170
352 331
403 825
867 380
26 132
950 508
871 348
35 430
842 34
606 27
476 228
519 896
98 274
939 936
429 218
864 325
93 109
172 380
748 335
862 707
330 496
866 670
867 683
372 75
335 833
362 929
624 468
897 938
957 934
358 445
713 130
966 572
608 952
549 255
371 2
617 830
909 660
16 973
256 124
78 191
850 940
483 557
559 948
564 706
195 97
582 639
842 728
220 724
2 515
556 94
335 645
159 619
343 158
863 967
186 727
522 173
542 40
946 913
211 848
17 931
682 919
574 665
886 671
893 180
781 801
583 597
855 144
294 484
952 497
475 556
848 66
673 204
263 735
126 915
511 735
826 633
755 405
60 613
591 827
208 816
569 217
290 970
812 971
411 98
126 845
921 817
758 278
213 474
155 121
755 370
182 850
364 81
257 649
916 840
352 521
773 833
64 189
908 151
517 332
595 733
739 500
27 976
790 242
896 927
71 491
308 943
774 912
95 481
46 223
283 763
18 516
2 129
610 490
97 5
975 166
558 890
176 660
909 244
958 571
188 811
372 56
634 343
413 586
917 330
167 607
461 894
887 792
447 703
747 365
163 204
718 286
611 714
443 332
617 649
580 283
963 405
286 138
676 822
691 443
661 55
286 873
376 42
119 565
559 840
157 280
313 10
621 310
748 805
500 600
543 324
621 612
414 776
778 732
155 235
612 456
152 678
778 422
798 829
268 792
19 54
846 633
915 112
705 836
429 700
179 361
500 907
17 314
259 261
425 45
429 717
857 50
770 651
398 888
935 908
942 629
598 235
604 159
236 104
863 157
548 963
888 967
154 279
395 547
45 927
308 540
610 568
738 200
67 776
670 977
951 268
503 288
130 46
379 923
932 79
884 30
617 587
559 296
53 497
744 200
55 25
721 549
634 730
883 276
91 301
453 462
275 546
186 75
736 910
188 557
448 706
219 129
127 520
534 344
186 58
922 502
656 694
822 71
237 541
897 188
717 275
607 899
264 623
51 873
54 364
111 117
497 769
993 644
812 440
872 339
910 597
733 602
690 815
290 673
367 957
151 736
152 642
395 271
911 218
844 207
627 745
898 979
61 723
915 564
523 482
353 60
365 189
526 822
359 547
711 270
861 701
848 808
631 87
69 602
394 820
729 85
808 454
91 706
669 679
356 742
602 762
549 977
435 209
199 856
203 285
520 41
725 240
653 883
487 221
515 878
662 643
519 782
88 48
357 689
126 502
58 638
896 135
743 381
987 695
288 731
73 91
326 775
794 513
645 753
996 943
934 857
600 356
429 6
107 372
110 821
71 721
386 347
577 628
779 272
215 394
595 447
187 173
217 620
106 439
159 195
979 554
898 337
911 540
208 491
817 135
819 977
898 448
495 72
708 63
512 322
324 288
43 328
346 117
323 232
931 489
769 454
882 329
555 309
646 908
941 704
954 884
963 24
964 359
472 605
384 787
92 724
620 104
402 907
172 545
582 988
397 644
542 382
947 714
839 296
824 127
787 117
631 138
78 830
706 127
111 249
85 98
40 957
133 444
905 339
189 117
377 397
571 645
383 163
406 510
212 57
13 56
72 716
970 237
58 931
735 815
723 943
639 173
525 221
193 412
508 434
545 386
591 725
151 287
304 446
214 953
301 31
747 243
490 104
516 582
462 210
582 195
605 98
862 595
278 736
372 251
580 541
818 493
905 845
201 501
480 300
724 519
263 133
110 418
384 34
409 657
301 995
458 786
537 141
665 320
869 224
836 511
108 854
91 160
186 724
14 238
569 397
753 408
738 363
523 332
638 513
695 586
812 678
392 169
838 930
252 315
739 805
223 234
26 690
669 988
137 251
331 61
395 56
207 614
479 397
134 728
28 123
489 165
798 627
341 492
571 963
623 506
4 252
74 611
502 81
620 268
127 364
577 71
245 241
501 103
31 618
236 404
900 325
425 867
101 786
808 188
239 644
919 88
147 824
641 972
218 989
10 693
5 314
116 407
392 973
380 540
418 801
587 291
992 134
337 311
286 376
234 73
235 400
515 354
974 133
560 841
82 5
101 295
85 930
871 775
15 971
573 665
216 990
470 983
953 511
347 24
927 208
495 384
578 916
635 749
944 214
263 382
245 529
162 143
271 787
973 85
635 602
418 873
842 844
38 917
566 811
169 603
631 447
171 133
337 669
602 163
935 255
42 122
541 484
484 986
126 908
289 451
331 382
393 742
795 985
891 867
70 695
200 881
437 620
133 355
892 414
199 998
368 34
888 857
207 491
977 760
583 124
878 607
843 211
257 660
990 902
465 777
985 205
305 672
508 937
329 298
117 395
505 489
382 801
164 252
112 261
187 309
162 525
714 46
73 190
93 35
52 665
614 463
120 895
980 237
92 509
888 388
689 885
747 187
966 347
510 167
633 176
231 891
110 632
400 727
422 916
701 631
334 64
119 762
335 937
786 739
550 836
665 30
478 931
634 957
431 799
841 765
254 906
534 712
354 792
210 468
525 907
929 258
915 979
424 854
261 333
29 929
225 866
65 562
263 512
68 744
974 723
739 740
604 816
882 4
132 333
116 764
515 215
797 45
512 163
753 305
534 884
93 159
998 833
229 613
569 167
679 158
38 226
740 408
855 953
126 827
786 224
577 237
616 277
411 45
484 557
213 233
550 24
666 557
900 640
812 803
118 62
800 187
620 340
917 860
476 508
57 710
919 162
652 971
178 82
707 12
714 93
577 440
524 737
28 496
179 836
613 916
184 686
224 363
139 466
656 184
351 723
109 141
550 567
348 123
900 962
150 161
451 354
897 844
400 676
185 594
802 963
529 633
107 661
236 823
862 519
483 674
229 394
671 39
983 881
451 128
234 272
751 277
698 131
475 6
629 937
964 66
3 780
81 28
462 691
870 284
472 687
641 146
719 996
938 436
901 704
800 846
41 542
711 681
507 503
510 750
960 819
269 955
933 576
325 371
119 179
602 155
17 743
859 376
811 509
208 854
248 995
677 476
623 368
40 559
424 654
702 97
354 211
653 547
545 186
359 582
786 196
880 311
844 466
312 707
832 394
705 956
191 629
50 331
355 90
93 423
536 594
611 54
369 903
208 515
543 927
631 188
252 980
109 957
184 620
937 82
154 332
959 705
563 40
322 646
16 357
605 445
397 289
202 112
204 678
649 567
176 539
143 269
122 299
549 214
643 17
330 284
20 854
340 341
299 166
577 678
747 242
624 327
590 604
921 177
353 823
63 740
89 877
466 858
409 886
963 443
653 427
233 154
999 324
841 859
58 87
885 386
689 415
768 810
755 938
968 48
414 131
785 797
309 503
826 195
989 533
497 895
12 746
696 555
399 154
863 961
954 879
848 294
12 889
200 489
167 223
156 364
263 584
820 827
513 853
611 1
644 489
661 469
44 902
87 501
609 893
338 897
246 286
392 57
63 780
375 446
402 446
554 397
108 414
830 214
423 612
636 769
126 883
200 933
754 372
298 478
711 565
884 699
175 116
397 26
665 441
592 502
131 242
683 961
558 559
815 68
819 1
476 420
937 78
204 635
870 604
90 855
834 438
623 840
629 267
97 170
634 115
569 795
636 709
50 32
387 331
634 482
291 167
921 583
19 916
885 211
483 911
675 269
395 581
292 859
404 893
614 258
46 302
927 99
733 176
992 118
253 383
791 464
851 189
449 781
466 869
332 392
453 667
738 827
133 797
65 639
797 294
245 793
48 363
161 76
613 14
372 668
247 256
375 207
747 824
953 73
48 585
957 566
734 957
990 587
613 992
725 678
797 249
51 459
549 584
278 92
238 799
648 791
320 504
84 385
384 795
482 911
87 526
563 469
655 493
880 383
216 629
866 318
869 953
467 345
486 535
178 220
930 815
382 580
735 64
611 78
973 843
84 214
307 305
476 392
574 465
101 821
395 946
107 108
363 6
737 789
124 806
918 445
251 128
300 892
83 116
13 289
920 75
182 376
165 614
386 373
353 782
533 564
381 551
34 419
838 885
291 464
75 324
77 511
426 713
962 775
376 200
242 657
981 845
831 571
798 781
159 382
306 670
590 950
522 446
353 601
500 97
789 900
457 747
646 791
394 156
983 178
841 589
368 933
898 540
150 689
262 927
488 94
475 840
235 276
151 653
935 13
925 23
527 327
747 949
472 865
470 444
459 173
632 659
398 56
167 453
9 935
696 66
617 410
387 182
29 316
130 716
558 756
61 36
784 593
696 381
770 540
139 759
567 751
588 650
40 112
420 623
60 83
499 565
581 479
672 341
196 627
605 457
940 487
456 704
643 52
112 290
865 356
205 325
248 354
272 178
435 99
853 636
279 686
568 900
533 638
145 597
350 205
633 226
283 963
858 825
343 691
399 717
103 362
747 311
451 242
713 235
487 752
580 871
219 894
976 595
777 646
975 303
941 395
263 163
67 290
33 758
140 686
767 905
410 740
909 766
916 174
497 850
669 434
946 393
263 321
945 682
966 768
114 221
811 833
65 551
1000 134
380 807
95 647
762 580
461 473
268 851
712 361
529 330
548 759
426 3
119 178
681 986
603 193
161 342
806 294
256 590
21 962
464 737
764 436
70 621
640 740
130 910
312 853
630 597
920 532
513 222
666 613
496 33
652 670
530 62
948 337
967 23
734 294
75 231
891 793
305 670
236 434
866 89
527 908
808 194
465 993
391 505
509 504
861 835
273 474
115 545
64 481
214 919
254 436
2 43
558 204
687 296
709 416
639 35
896 579
724 871
461 855
297 654
335 834
751 203
361 451
883 322
188 608
923 767
289 671
645 480
976 575
962 766
863 802
444 824
60 907
508 235
552 545
257 347
441 38
10 53
938 425
9 379
66 380
798 949
72 526
74 851
988 579
882 250
369 405
246 637
194 216
103 904
566 288
551 180
111 397
631 330
500 337
891 249
484 817
913 511
312 898
575 387
479 126
446 333
160 54
327 58
670 572
234 430
402 286
99 184
320 187
835 524
88 903
820 376
714 967
731 943
970 301
698 378
737 558
657 419
100 726
507 572
539 818
936 484
676 494
142 390
880 129
899 9
295 944
41 785
776 476
335 403
121 35
448 829
505 444
625 595
442 343
396 388
22 458
153 137
790 186
749 899
103 988
404 993
803 989
913 595
344 651
24 265
150 473
7 448
712 471
191 9
984 987
702 817
774 354
813 136
708 482
333 638
116 400
272 582
510 506
383 840
909 808
850 911
708 113
893 43
125 129
896 107
842 763
565 828
405 999
524 419
217 683
453 811
518 129
985 383
337 770
176 384
711 624
143 196
437 295
789 690
243 616
900 957
964 456
911 195
659 154
919 724
186 968
248 941
639 867
195 666
706 892
700 997
908 730
835 458
998 810
379 824
533 595
421 85
591 905
939 408
522 640
407 134
174 631
70 708
587 490
791 764
573 870
796 86
329 351
331 313
838 328
896 975
21 201
348 732
576 871
630 46
44 709
274 618
648 291
61 338
83 390
232 972
748 492
533 744
145 735
559 324
241 915
917 762
250 787
337 384
451 392
22 594
618 509
956 455
806 942
387 580
941 21
245 696
577 233
879 361
860 107
642 210
976 616
940 979
278 686
154 1000
604 96
586 983
571 105
383 927
591 154
295 361
595 863
387 866
906 990
229 485
485 75
175 899
769 78
533 29
862 843
721 853
742 173
985 537
472 580
682 987
845 61
294 269
486 478
546 122
756 543
467 824
907 567
752 538
109 403
476 954
633 408
652 917
872 131
674 905
397 750
596 714
133 308
27 337
66 897
212 723
364 65
967 157
346 665
966 482
389 311
406 759
958 416
467 391
416 839
916 924
443 638
282 816
528 568
639 458
217 285
865 409
693 291
369 618
485 996
619 918
486 643
607 249
300 579
67 856
908 770
268 417
326 235
457 104
464 178
11 641
174 79
361 708
676 181
144 110
295 713
334 273
435 278
230 486
305 712
699 365
827 144
940 657
746 832
489 185
689 322
495 887
701 552
303 643
17 14
932 332
278 586
82 695
626 524
474 289
861 339
185 818
820 668
626 927
399 275
936 677
665 361
673 950
108 877
823 648
312 282
422 739
975 995
977 88
6 482
674 88
808 986
660 27
54 510
94 699
609 629
530 635
241 182
977 890
449 662
817 721
693 78
398 106
402 25
42 48
43 777
173 986
264 74
138 623
88 654
70 610
719 378
398 21
126 677
980 105
521 38
578 49
373 691
193 85
402 315
387 149
547 656
670 592
571 809
364 105
311 530
147 757
813 940
722 899
725 32
606 253
73 793
615 625
896 951
961 617
735 808
519 879
118 826
128 720
182 519
409 169
211 117
490 452
884 788
956 169
385 744
372 32
233 382
325 406
845 607
862 711
426 767
571 179
281 129
10 321
995 154
582 337
430 546
34 347
841 857
865 946
276 396
115 156
741 752
244 312
180 544
56 622
842 629
93 557
702 741
684 400
105 231
858 431
551 960
404 415
104 937
676 59
111 174
773 471
975 977
356 7
716 171
413 456
677 779
517 978
855 807
479 859
713 76
547 583
147 85
422 489
575 61
276 531
65 812
428 666
217 921
551 4
312 899
854 95
583 887
821 782
807 879
496 255
525 266
251 359
39 423
854 96
787 771
825 436
23 333
705 926
82 101
943 396
50 365
913 169
93 393
351 849
595 23
572 345
130 292
648 441
957 401
891 661
140 205
714 166
723 844
981 920
136 636
301 350
966 80
13 982
206 485
334 734
425 514
136 53
597 732
799 368
235 375
788 903
715 673
224 132
262 474
300 809
598 766
654 572
755 765
516 549
352 56
120 68
853 932
659 771
107 718
182 188
242 619
370 436
775 937
873 283
15 980
876 666
571 76
12 463
928 863
285 302
953 508
702 641
333 98
299 158
764 970
237 966
424 893
242 988
738 825
121 809
638 838
586 741
436 972
831 197
561 929
854 302
546 87
988 941
106 670
881 332
658 651
245 969
660 233
592 904
385 804
540 744
890 613
581 879
613 488
74 598
130 964
437 760
421 195
310 186
319 740
69 721
948 244
990 875
847 998
459 993
521 126
714 617
307 21
606 411
155 871
246 26
47 95
840 991
322 554
913 149
364 177
645 360
679 426
442 679
23 454
314 338
818 778
191 796
152 105
896 960
89 382
827 568
311 459
16 313
526 410
965 858
517 376
49 585
425 749
652 276
999 175
514 341
454 352
488 193
942 53
357 635
429 30
343 568
236 552
93 81
97 406
462 158
373 449
545 615
514 119
435 802
960 480
831 724
957 633
984 521
414 428
129 12
873 239
60 79
410 543
840 200
162 460
950 157
917 76
390 68
263 206
968 821
589 324
94 930
183 407
613 334
262 2
570 201
980 787
161 253
414 217
984 459
58 959
891 469
472 581
517 921
259 937
901 378
85 391
444 883
713 666
806 425
114 409
917 537
812 730
209 427
720 299
419 912
189 282
502 835
30 570
455 59
539 524
703 273
709 852
754 742
271 421
403 725
353 386
64 460
62 378
670 629
928 116
982 315
711 155
291 596
523 397
105 489
256 817
112 368
977 729
464 948
784 595
820 305
82 533
587 102
571 893
329 378
455 750
238 650
994 124
957 104
116 280
713 779
490 719
827 580
231 34
757 779
176 626
892 754
197 452
917 571
754 751
738 232
386 53
886 464
597 803
157 886
914 630
988 352
382 211
412 821
562 13
871 21
896 633
440 805
442 255
72 144
624 429
509 165
365 93
603 652
656 488
31 496
751 417
842 463
60 653
954 133
929 449
13 742
510 416
762 531
81 128
470 786
737 477
974 482
134 37
111 538
977 958
76 268
773 498
8 564
704 817
411 593
488 444
566 171
470 252
327 669
761 989
831 29
172 910
484 904
233 648
74 908
695 610
221 811
539 714
31 141
61 642
868 22
648 88
518 360
170 10
543 966
583 658
850 228
568 153
757 683
339 638
854 163
108 321
637 748
283 71
714 929
878 660
477 773
63 572
173 524
523 881
853 474
411 187
584 865
587 2
538 736
511 122
648 810
562 380
585 549
70 47
418 567
183 885
314 644
336 852
499 640
634 461
250 466
107 455
435 636
66 487
337 446
343 700
945 191
799 300
235 283
698 977
182 294
477 378
340 566
306 578
680 485
720 776
390 482
764 705
931 218
63 967
945 666
934 344
637 318
931 171
936 755
208 346
579 381
580 194
928 675
765 90
396 949
900 45
474 437
818 761
815 58
836 507
566 4
128 426
773 470
846 820
205 148
266 360
129 560
494 146
591 736
225 943
229 879
217 879
218 208
369 100
355 985
104 215
344 358
182 853
725 368
946 639
670 48
290 967
682 735
347 666
647 842
616 193
568 36
473 800
576 992
256 842
715 61
320 189
946 417
486 622
878 688
292 307
130 690
683 962
282 873
959 657
247 899
505 96
767 344
435 269
18 863
813 544
463 219
451 739
625 448
878 914
983 151
922 936
54 71
156 608
782 724
714 54
681 455
719 674
654 402
433 62
804 27
431 911
880 865
718 826
866 716
35 568
163 98
77 472
684 704
996 754
210 59
482 692
513 296
396 740
698 868
456 71
292 981
639 369
559 625
817 114
619 298
948 618
720 643
478 971
931 327
381 132
940 135
572 302
201 160
745 835
465 169
837 657
786 677
824 528
57 423
423 112
320 831
63 217
191 913
859 22
648 685
590 158
599 104
102 512
307 600
34 800
67 846
424 924
450 80
881 476
282 649
579 395
676 348
605 909
307 886
489 895
808 689
815 406
764 510
14 115
354 150
891 997
412 314
62 646
400 466
255 330
146 234
669 734
908 570
105 969
161 856
844 763
259 183
417 851
255 179
383 500
791 77
908 239
20 276
73 162
92 330
404 574
867 520
596 74
275 843
611 527
850 301
347 489
33 909
760 194
462 14
766 504
346 495
788 762
606 641
645 971
926 264
175 796
698 235
414 516
538 784
154 537
450 496
529 691
931 355
78 588
771 650
612 548
480 583
101 57
176 320
198 909
640 334
399 174
59 253
683 275
354 647
194 892
926 181
808 992
632 440
872 487
548 734
364 579
714 278
565 61
531 901
346 837
759 469
994 569
632 662
924 172
483 36
798 685
144 646
731 346
569 171
273 806
797 184
259 727
540 892
375 355
98 531
921 835
80 455
958 422
148 445
191 605
115 841
625 221
218 605
666 553
721 419
815 136
230 600
691 406
782 963
677 151
973 876
636 554
875 290
748 44
472 335
535 398
131 92
856 245
193 409
631 159
605 454
723 775
814 178
210 239
966 409
716 776
154 185
559 715
332 941
34 450
325 321
20 657
242 545
794 282
36 411
789 195
243 121
560 789
387 819
45 211
714 610
950 126
476 20
883 137
427 927
410 739
310 840
366 959
342 345
166 253
147 349
49 942
521 616
479 976
744 383
618 344
752 858
881 698
631 498
668 632
617 128
378 404
638 750
271 117
912 825
476 920
757 960
708 527
549 525
142 109
968 724
950 964
204 798
852 594
264 219
763 9
402 313
784 545
445 480
588 971
460 598
902 645
951 572
643 375
604 920
757 893
463 198
635 273
799 632
965 640
771 759
329 230
890 238
205 779
387 450
266 657
321 602
498 645
474 860
697 807
738 141
116 265
944 532
980 178
50 139
32 642
162 561
490 450
534 217
2 38
735 712
762 374
139 323
286 502
639 44
110 730
705 212
348 91
940 887
962 987
562 129
161 137
414 346
415 167
318 950
893 802
632 303
34 345
384 136
955 195
101 782
779 17
543 72
275 718
438 366
721 770
760 984
778 219
485 129
508 230
486 635
668 702
964 305
103 679
894 694
492 562
682 526
384 837
369 313
707 81
332 26
359 819
327 273
275 138
575 63
318 44
321 216
748 545
820 182
472 860
678 415
899 545
887 110
724 12
670 400
378 138
694 522
610 561
645 94
670 547
839 408
196 677
69 177
407 879
182 852
628 780
599 977
827 184
784 668
631 824
653 950
856 62
877 408
683 471
2 232
478 509
788 974
944 929
136 638
840 530
70 155
883 660
554 604
3 238
244 858
139 286
656 132
931 778
962 130
291 171
455 868
781 894
444 411
854 412
675 305
73 487
680 153
699 407
301 143
999 504
177 385
416 226
567 148
97 83
831 515
742 90
559 624
693 558
487 565
842 516
435 998
336 381
98 884
378 604
216 931
141 776
370 148
261 451
778 255
138 30
690 547
717 506
644 407
774 131
691 803
708 131
217 919
95 587
846 785
133 938
81 489
411 536
690 773
532 32
327 356
903 284
405 710
190 164
7 534
289 341
517 837
129 652
117 929
704 313
949 298
900 226
282 569
800 950
216 317
895 583
90 282
330 781
354 151
541 353
669 812
110 682
545 870
566 732
74 310
203 486
388 316
145 33
636 179
541 387
218 664
992 635
244 920
979 359
376 272
503 649
948 554
291 873
891 45
102 421
946 55
766 652
213 532
674 525
61 448
816 306
687 380
735 512
975 49
82 192
597 623
67 556
316 873
469 988
789 317
115 824
426 693
742 503
180 964
846 393
372 312
413 842
996 542
146 839
385 297
673 574
621 800
272 677
71 17
765 1
664 214
849 46
636 428
525 791
246 36
329 962
57 51
578 663
579 82
526 623
977 787
85 374
108 697
968 554
588 371
665 974
350 61
579 880
228 354
199 163
939 360
423 603
319 538
916 552
464 551
122 207
449 149
13 812
344 125
479 531
692 840
574 151
889 336
118 51
155 39
930 847
238 648
80 742
710 358
618 100
752 40
553 41
737 609
611 255
317 888
17 893
801 843
288 610
146 884
335 84
905 757
158 567
982 997
73 521
149 784
944 760
650 934
889 844
755 95
404 817
470 566
570 352
608 915
491 745
185 966
149 99
814 879
530 946
837 310
180 591
751 272
239 236
684 431
747 697
147 495
572 532
108 227
81 23
693 312
911 497
590 176
95 626
941 570
389 8
872 452
655 877
888 647
6 259
190 124
394 609
180 50
471 525
844 233
972 54
422 83
947 720
964 658
108 300
255 559
113 194
810 56
973 604
892 364
943 634
770 730
256 864
386 723
938 900
5 171
430 280
503 418
820 352
87 675
330 980
336 254
649 856
526 54
431 182
3 230
933 16
369 523
373 67
912 277
358 213
363 53
663 216
102 402
76 219
913 893
518 986
414 977
330 281
24 996
611 872
743 159
323 592
144 77
989 59
754 864
617 628
373 278
656 40
654 551
197 216
568 932
842 271
415 125
46 279
841 973
314 87
10 332
29 544
746 50
304 97
180 956
315 355
944 81
138 488
234 369
312 475
420 728
632 164
348 109
906 917
512 128
229 58
11 251
508 231
695 269
128 61
202 866
102 227
246 855
724 739
449 759
87 61
513 910
327 754
558 8
807 292
204 383
149 458
411 575
233 729
930 209
851 1000
960 788
521 214
56 173
221 781
294 219
652 969
462 989
129 506
472 861
47 870
621 445
933 833
554 118
94 327
725 495
565 278
469 161
476 643
847 956
834 793
784 526
363 243
770 593
934 196
41 123
683 964
826 723
692 830
715 503
143 582
737 659
851 427
688 941
321 692
718 677
594 655
244 820
589 904
878 771
918 878
795 349
233 462
641 631
988 298
516 401
828 387
79 11
234 32
822 673
187 925
832 885
181 573
755 879
292 983
138 317
35 826
840 175
401 933
664 989
662 376
843 83
710 532
396 964
423 413
802 230
741 265
522 249
263 389
906 235
447 201
233 693
159 709
18 475
39 51
851 877
66 463
599 219
472 906
787 469
91 928
699 673
555 519
763 191
725 274
66 145
433 690
622 906
848 835
995 52
82 361
30 888
981 105
692 252
435 77
643 400
75 210
106 740
123 718
549 806
766 919
458 57
938 751
904 851
654 163
344 128
876 166
39 810
120 790
176 728
871 498
124 853
399 839
383 724
790 124
757 455
23 903
504 403
872 272
235 485
589 654
719 63
131 574
245 644
319 397
768 713
699 35
822 725
193 922
638 52
106 493
951 201
917 73
497 984
629 991
278 541
280 81
543 3
600 715
196 254
824 703
295 250
923 985
854 623
233 887
346 190
742 816
156 435
