1000 9888
418 370
47 587
158 336
587 590
589 52
11 605
837 82
29 221
233 546
731 303
77 753
151 622
427 398
764 429
199 458
815 436
321 48
764 284
485 749
585 784
566 526
588 82
679 357
810 212
246 458
251 288
91 731
809 916
946 848
22 987
593 637
895 737
804 665
87 783
917 870
644 994
737 880
154 370
351 637
49 616
641 876
415 649
92 522
532 863
844 510
573 53
64 107
283 641
841 357
916 356
802 265
581 363
158 564
583 269
343 616
491 829
737 933
59 145
701 834
871 22
550 553
737 22
130 188
576 404
338 730
786 991
917 395
283 887
694 343
145 874
129 109
210 144
29 716
106 449
567 76
962 518
580 233
580 120
177 571
380 6
318 192
707 119
466 731
15 348
412 29
55 943
95 642
31 147
137 862
817 580
52 215
825 81
954 695
955 722
872 84
599 131
363 603
554 256
789 615
919 536
61 752
688 582
872 227
377 715
216 327
752 393
513 621
442 905
575 507
136 8
669 866
670 453
833 785
344 427
666 920
99 131
338 697
50 325
35 747
951 905
402 326
596 456
999 957
981 146
450 602
39 908
387 439
740 623
264 394
653 912
767 310
606 112
398 597
992 548
739 337
226 356
249 61
529 19
804 403
516 303
738 139
870 916
926 906
712 562
73 120
236 732
889 254
124 925
965 49
954 322
292 813
870 246
107 742
36 298
37 767
594 236
352 143
794 474
371 400
727 456
840 180
180 957
609 489
828 589
261 604
888 160
51 904
839 388
106 293
444 684
431 989
548 419
590 98
387 810
681 286
647 425
703 918
25 603
464 21
547 762
34 795
685 948
705 598
800 718
161 388
181 969
227 135
318 210
907 627
303 346
30 742
752 550
787 41
406 845
366 318
47 865
572 589
804 876
52 969
576 707
869 574
697 516
716 167
757 573
282 965
598 199
965 576
782 14
734 8
472 491
72 466
350 12
723 626
540 68
796 254
804 721
985 944
178 150
169 478
64 36
616 625
374 257
483 629
986 655
292 28
365 706
849 969
830 532
525 250
84 926
411 422
533 735
992 590
62 845
727 793
412 772
895 455
475 408
607 467
311 54
599 830
334 333
10 527
357 980
746 286
479 954
842 288
135 245
581 69
999 506
286 355
768 750
419 350
22 297
831 525
998 54
103 406
73 968
589 459
699 119
628 23
703 583
941 462
45 281
77 136
116 850
444 985
229 93
251 765
15 758
508 4
825 830
972 699
370 229
150 687
835 117
604 814
203 975
349 837
548 677
368 669
705 562
428 747
930 357
648 910
846 561
596 844
925 446
764 394
195 641
14 199
938 59
796 397
160 87
554 107
22 589
648 236
777 456
818 548
244 876
201 574
351 800
209 265
982 642
715 5
882 558
991 464
444 117
118 68
9 560
818 774
726 647
13 232
913 26
455 663
95 444
238 203
45 663
800 372
70 106
329 188
844 581
760 477
861 235
808 46
684 897
22 120
995 576
173 132
267 323
639 17
179 527
862 752
240 559
850 296
427 633
942 168
103 212
486 36
435 806
386 510
232 638
653 412
12 356
346 490
608 905
626 741
970 627
845 837
884 157
335 551
301 915
742 545
612 551
719 717
834 617
63 873
379 332
751 220
898 534
494 111
910 301
470 654
345 509
492 628
20 163
152 283
872 490
267 634
342 18
768 165
882 63
241 141
61 634
997 350
893 413
878 51
313 377
427 385
765 579
631 190
402 89
891 21
481 713
833 156
193 253
526 169
763 797
621 21
303 204
166 264
575 676
320 248
657 223
606 266
862 144
293 155
725 248
328 2
781 182
912 299
396 148
514 531
531 435
935 929
908 831
356 972
714 250
272 25
501 896
315 157
813 758
482 934
46 31
952 247
269 836
914 635
532 958
2 65
595 450
61 482
409 65
453 136
681 685
225 249
979 976
324 251
540 902
636 181
591 39
370 617
962 698
680 482
241 668
92 770
758 687
410 533
525 710
655 683
140 676
555 527
314 147
354 836
278 574
305 508
492 698
148 30
422 661
229 149
217 629
25 151
81 422
337 828
601 671
854 763
341 924
890 149
915 869
540 526
955 27
512 23
786 906
569 490
276 920
80 233
486 454
192 939
48 535
88 740
254 362
551 31
78 663
890 409
691 680
616 233
84 455
63 829
195 998
172 874
201 613
605 839
203 467
703 390
464 517
86 396
680 725
183 546
801 634
4 151
244 572
1000 614
614 733
763 473
891 652
931 565
507 647
700 494
23 123
151 422
339 958
691 149
514 558
112 324
779 598
762 258
141 349
168 325
248 243
819 742
571 345
277 222
336 630
577 552
372 92
342 298
758 807
799 185
415 160
326 517
617 660
564 949
466 888
529 606
663 174
272 449
58 94
712 975
253 49
461 4
544 792
941 378
923 787
90 862
343 32
660 230
958 967
65 660
427 13
432 997
161 185
894 693
401 618
529 78
220 604
831 172
475 785
319 920
820 915
949 49
860 620
254 679
994 922
448 216
725 538
63 391
412 157
569 6
755 495
61 674
298 20
616 39
137 146
212 562
730 51
867 450
380 376
146 480
610 605
493 951
590 479
428 617
427 457
891 515
35 936
909 96
642 84
976 302
652 809
139 966
288 224
329 468
706 264
696 332
914 255
424 399
903 777
106 529
363 130
867 306
830 906
210 755
482 780
838 497
208 630
861 816
438 995
420 42
336 200
408 562
852 53
525 249
339 90
236 690
218 933
714 126
206 494
832 937
559 430
482 622
947 392
931 783
30 348
758 858
561 318
709 398
175 550
253 770
951 449
366 611
242 533
315 419
941 43
210 55
266 869
159 242
269 622
685 38
153 429
393 638
31 436
362 40
884 186
222 626
7 79
998 660
197 621
474 482
591 317
8 914
559 851
432 818
342 277
52 70
990 466
453 644
261 337
528 459
712 201
215 910
475 869
405 594
7 898
835 5
458 528
235 261
479 186
277 205
815 700
372 77
725 687
484 723
45 33
290 628
612 215
320 511
622 904
146 87
848 837
105 724
481 684
743 652
674 577
549 851
36 634
18 925
903 988
647 886
448 450
912 433
844 352
875 821
117 482
118 69
815 97
709 558
122 392
529 440
342 669
148 882
934 881
380 487
577 468
339 905
875 203
681 406
117 4
619 206
924 33
452 831
662 990
296 835
723 220
62 878
638 457
550 992
547 176
438 233
791 303
102 186
68 382
694 478
223 914
154 835
63 906
301 769
803 451
734 776
992 408
846 39
243 14
831 433
978 167
318 732
676 674
592 557
613 329
176 324
323 247
949 855
492 742
578 611
6 504
7 849
176 467
674 78
430 281
588 392
861 326
170 241
354 626
725 609
281 696
85 386
103 889
209 430
321 276
375 89
195 751
214 89
768 341
19 93
475 623
4 783
846 530
209 575
636 98
748 612
273 794
19 202
833 226
407 307
377 670
285 915
820 641
977 579
948 324
696 149
217 282
672 424
190 643
122 83
212 447
912 413
160 338
861 598
697 557
917 868
916 777
900 374
795 72
355 465
840 847
982 542
732 664
503 878
107 65
823 399
830 557
118 835
379 961
840 557
605 371
771 129
822 233
447 536
353 141
676 2
794 541
790 30
885 148
395 2
604 316
163 62
815 31
480 426
618 128
803 110
917 506
498 258
595 144
742 97
820 747
474 299
972 542
383 953
428 456
914 444
984 776
454 397
716 539
208 258
688 60
979 527
270 494
419 708
315 919
526 735
820 952
68 677
143 149
642 756
42 280
117 836
996 89
63 98
396 113
51 618
612 393
886 568
502 817
346 805
960 553
189 313
816 525
798 653
801 191
246 199
259 311
986 996
256 867
786 585
126 686
447 902
353 274
596 458
634 133
65 390
527 868
130 346
494 785
444 62
743 442
598 411
446 916
17 180
510 842
151 229
59 465
648 274
408 727
562 456
31 927
885 86
999 242
92 270
93 99
884 786
296 795
336 984
758 895
944 743
887 921
836 925
680 16
657 262
129 429
224 109
685 176
889 877
46 282
49 86
896 457
35 7
917 429
194 772
410 545
672 820
185 999
521 861
524 993
196 161
271 657
698 175
93 551
974 80
483 599
335 542
85 759
655 575
937 830
977 45
10 60
950 376
509 648
437 91
793 435
579 414
191 76
711 645
254 676
240 284
333 299
526 554
468 566
30 341
108 621
990 599
806 675
830 508
953 700
781 680
657 602
910 308
490 829
242 362
440 190
800 942
895 687
17 340
824 36
327 51
349 359
8 17
800 29
855 633
736 923
237 322
312 743
41 495
433 629
70 866
239 937
934 251
425 985
300 739
374 404
861 926
58 989
149 514
26 383
264 424
144 567
316 388
421 784
671 530
710 60
269 826
168 147
930 191
833 744
19 924
115 947
901 219
548 13
16 246
89 800
516 547
779 339
3 838
901 912
823 10
145 3
357 189
121 608
417 359
827 444
96 162
845 957
922 408
872 579
267 229
459 856
544 805
251 589
287 639
987 185
418 250
419 527
242 982
206 837
351 933
537 95
450 139
712 202
305 418
533 484
937 683
699 964
556 971
459 895
208 89
765 347
127 546
95 708
959 111
742 629
817 642
674 781
548 822
21 914
205 404
668 467
65 770
726 217
928 128
877 931
952 6
237 4
858 485
955 909
229 608
947 781
716 118
95 11
652 718
18 922
860 949
644 122
354 2
377 483
416 673
348 548
792 828
170 624
227 353
744 533
853 413
827 574
648 347
226 187
745 857
178 54
215 122
788 835
847 288
80 796
852 74
672 688
749 574
842 96
435 522
443 23
923 481
231 908
857 613
275 846
222 216
633 206
559 306
192 388
486 218
90 723
822 640
474 562
607 582
280 871
922 218
799 112
710 853
694 334
876 613
436 618
163 146
591 242
498 287
784 358
881 806
789 27
882 331
667 691
409 679
985 832
845 212
29 941
427 967
780 555
17 839
678 351
517 626
104 999
964 373
592 844
955 602
816 772
768 167
533 361
185 475
683 52
212 516
75 260
312 978
898 937
631 267
333 580
136 128
890 387
670 349
235 570
813 663
273 500
864 180
777 409
366 59
817 904
403 47
813 816
51 205
127 350
754 436
973 662
387 207
812 788
174 773
947 7
849 872
787 942
826 904
616 572
710 346
892 665
269 96
71 276
184 712
773 528
601 313
636 458
225 29
139 461
33 834
809 341
519 550
563 866
309 550
442 249
889 848
340 536
913 576
795 280
978 102
146 788
522 459
462 414
746 109
747 444
828 539
580 212
603 285
936 684
884 354
523 124
45 496
940 685
33 488
234 571
271 850
124 12
430 854
90 751
708 199
17 709
146 728
310 623
575 177
632 473
393 113
693 38
17 589
130 868
60 741
631 382
467 733
375 60
930 427
74 537
754 103
256 582
298 193
9 946
217 55
949 366
109 1
23 989
186 890
283 172
48 887
51 184
127 493
576 617
758 257
434 227
715 126
516 101
510 206
667 499
5 760
354 721
654 239
692 806
985 212
899 132
605 436
502 137
903 709
942 405
965 796
360 72
736 572
22 183
705 503
852 386
211 122
214 943
896 684
969 426
58 651
427 562
762 371
13 353
715 523
614 287
604 257
197 853
681 536
76 727
232 440
193 982
98 877
543 55
584 188
965 481
825 694
220 312
348 485
976 966
519 462
704 629
968 170
310 809
890 775
814 617
590 144
95 594
280 283
961 8
945 607
659 281
346 381
398 626
119 249
104 78
289 332
398 478
990 596
717 132
725 649
82 374
543 536
583 735
364 791
950 522
40 613
851 947
180 129
96 912
95 425
799 916
602 358
772 92
813 888
804 589
697 763
992 741
187 581
259 48
302 374
694 74
397 98
257 567
16 621
331 482
544 241
728 78
446 945
123 516
417 841
663 248
847 335
64 86
253 574
269 825
92 380
311 130
828 40
97 18
676 244
288 797
371 851
996 873
389 336
689 839
983 637
234 44
296 647
465 368
480 339
979 333
476 415
871 825
825 609
666 763
81 643
11 138
432 165
275 753
572 617
807 318
150 563
890 936
979 601
447 23
656 724
877 606
181 231
474 403
59 759
365 672
376 625
893 148
44 656
785 897
75 524
726 508
323 315
273 530
589 12
20 377
167 250
668 445
751 776
844 222
57 244
539 648
817 786
624 560
696 925
53 352
972 122
868 187
981 392
5 286
393 500
752 291
701 374
740 716
620 362
433 400
506 198
696 362
832 378
563 250
891 729
454 441
735 984
663 175
919 1
614 667
615 694
136 688
191 874
253 593
554 938
297 387
84 957
365 814
400 916
53 966
168 368
23 786
279 388
282 408
231 911
144 393
699 345
32 672
184 822
414 260
827 253
662 775
197 813
788 640
129 5
332 516
188 544
600 231
590 441
859 829
917 85
78 83
85 829
46 557
216 900
380 911
202 855
223 592
142 718
492 631
509 591
384 770
721 111
837 913
949 119
7 654
552 799
518 352
6 280
835 368
748 727
485 567
214 95
414 525
734 902
373 566
178 516
15 139
773 91
189 132
652 796
322 359
51 351
36 521
759 435
799 876
835 575
285 514
697 706
75 242
131 164
904 996
248 542
890 213
395 747
216 60
257 718
882 593
921 615
424 73
297 221
173 434
615 112
127 191
438 574
610 71
991 326
779 990
887 657
925 884
676 302
439 384
796 967
625 531
718 528
919 419
98 757
383 307
486 116
316 852
400 783
936 849
224 67
831 864
34 476
396 731
272 329
92 74
222 733
280 836
745 368
429 285
381 100
328 112
715 844
220 422
718 349
152 190
29 712
766 105
508 361
257 453
153 276
875 531
336 666
589 353
485 248
712 180
698 491
333 436
517 316
78 112
18 396
845 473
60 887
556 908
359 773
621 690
623 164
806 460
934 273
829 549
705 767
775 451
544 699
692 483
512 153
122 285
683 160
367 587
27 388
714 758
21 437
274 87
108 37
648 216
132 73
668 139
967 121
715 224
681 139
386 684
739 230
304 877
247 775
610 777
294 892
577 112
779 796
160 368
553 511
810 470
316 115
790 472
364 263
844 569
370 964
59 696
67 828
621 971
429 927
148 838
349 102
798 742
351 680
889 17
687 322
893 617
894 321
219 518
36 112
664 697
737 965
663 437
166 759
685 285
814 67
463 403
600 836
693 818
790 56
576 500
120 48
597 546
232 554
28 867
486 227
713 61
344 152
309 682
277 76
393 583
410 559
56 647
474 666
737 272
205 474
902 320
45 305
927 151
585 324
569 591
93 549
774 270
632 169
480 662
109 579
971 764
771 712
688 218
712 208
569 297
417 20
803 659
976 229
224 538
773 626
191 78
854 282
746 499
391 558
894 523
491 541
733 663
155 521
962 187
66 484
564 411
13 683
432 710
821 116
678 679
865 940
214 940
445 832
561 671
817 757
388 32
562 983
100 874
707 258
873 558
911 916
168 213
74 653
181 759
644 241
332 325
943 295
303 68
624 755
813 763
456 837
762 865
892 508
624 834
930 769
369 401
455 286
458 589
741 803
654 200
107 237
895 796
623 749
2 371
184 530
166 422
425 872
891 685
269 935
644 821
205 809
645 540
120 767
775 612
411 442
841 289
733 371
805 838
862 393
24 965
826 492
406 692
581 303
233 697
123 869
641 586
917 749
538 242
116 410
953 819
905 897
67 566
230 422
175 547
513 432
931 897
434 603
608 882
1 324
58 287
186 200
314 901
943 558
220 872
179 725
418 935
220 511
514 206
98 927
48 168
84 606
343 483
261 444
489 411
189 842
462 326
966 822
971 664
579 495
690 940
659 455
717 214
42 478
75 282
424 530
869 380
552 436
670 359
113 60
630 635
482 491
583 851
655 70
70 674
841 44
532 499
492 208
274 415
972 202
481 673
672 246
322 435
108 384
553 277
19 401
517 498
459 886
37 512
687 966
14 404
790 565
923 84
811 286
781 142
950 937
143 929
572 373
790 420
774 985
985 508
580 792
637 857
339 906
234 162
766 551
861 785
795 399
883 379
562 398
106 786
396 466
89 608
328 488
573 270
166 684
796 531
178 278
96 207
552 23
455 838
168 256
558 13
547 284
291 474
827 252
21 173
44 258
138 331
806 906
453 434
236 966
777 656
286 210
399 401
880 753
76 514
116 771
176 232
431 800
215 73
254 945
275 268
112 986
390 207
274 699
480 214
855 324
824 563
327 544
733 573
898 530
443 428
924 251
65 593
910 545
356 199
873 827
398 805
588 282
401 448
91 725
293 754
539 742
96 652
939 64
734 903
626 52
203 205
998 892
765 607
363 515
238 961
4 921
578 193
378 204
216 287
91 673
130 595
424 300
922 567
226 904
27 217
212 331
359 676
74 340
187 543
26 403
105 942
291 557
640 932
680 468
79 650
9 592
466 918
632 207
123 606
643 145
335 429
853 288
270 606
970 76
329 92
814 181
743 369
747 114
175 389
714 73
145 690
18 576
444 18
260 645
607 569
727 733
49 478
413 661
73 464
224 68
136 794
374 926
250 225
6 52
521 981
774 513
116 65
45 187
211 303
547 137
396 683
435 951
670 875
797 593
803 480
181 316
295 260
153 283
809 188
16 334
894 306
896 189
186 341
171 395
355 630
7 801
546 181
566 48
215 962
256 139
60 897
507 384
660 44
589 30
830 372
243 442
835 222
893 460
877 839
627 453
461 416
584 685
603 219
990 521
113 107
114 260
702 157
218 76
27 391
838 973
357 337
921 951
766 205
52 865
933 824
91 653
813 786
138 864
134 891
763 255
377 296
909 319
801 414
30 824
496 426
379 156
87 814
537 993
27 336
688 903
252 862
880 159
697 959
994 139
94 609
527 607
317 918
799 502
715 303
702 352
481 149
641 621
578 306
745 561
743 234
249 802
452 897
54 885
82 130
83 167
641 271
953 525
419 169
827 36
427 722
64 520
504 319
733 210
975 277
278 623
674 288
685 992
669 507
211 553
730 763
548 424
72 481
370 250
578 567
595 911
669 364
651 929
279 992
963 83
460 202
397 873
713 632
241 367
404 279
8 728
206 671
100 422
156 496
998 587
780 666
105 264
858 214
270 376
74 857
989 780
657 718
565 973
218 216
511 637
57 222
263 722
986 165
270 154
223 222
242 373
273 809
726 35
982 409
895 680
180 131
518 735
43 765
856 376
32 138
655 402
952 843
667 288
526 843
613 548
271 265
92 937
398 792
771 286
161 608
349 773
534 774
827 535
995 845
634 23
396 88
435 386
878 922
832 62
288 155
946 10
748 386
733 370
382 128
37 299
511 356
171 873
843 920
395 865
236 573
392 708
153 423
210 928
67 569
842 301
917 349
444 513
448 580
270 873
344 661
453 477
88 994
58 399
428 13
414 456
306 753
788 349
25 879
814 681
599 685
581 866
289 802
72 398
96 276
447 17
877 604
924 84
570 4
203 629
884 420
960 726
419 641
590 832
851 642
526 666
29 66
506 657
434 232
939 103
902 873
501 666
838 875
674 776
87 317
604 585
806 277
293 861
627 280
310 708
811 417
330 124
393 280
967 802
779 91
881 421
731 953
339 694
601 870
515 562
933 879
844 446
347 766
958 434
523 723
178 832
783 421
677 362
364 27
807 667
294 810
633 550
316 214
709 921
691 386
930 802
951 972
914 983
424 111
874 747
395 606
912 452
490 720
923 997
115 709
776 275
793 331
682 703
2 199
240 838
205 972
151 490
709 332
909 186
661 996
130 35
849 697
957 686
101 540
832 170
468 461
343 563
205 558
847 67
81 608
633 211
64 338
852 299
600 260
197 154
182 230
131 548
443 246
135 212
512 597
803 118
822 310
551 716
231 360
699 57
278 676
870 2
413 835
346 358
702 731
44 33
337 41
889 516
196 228
508 182
146 977
438 297
266 895
102 762
216 821
458 862
609 758
344 422
557 366
924 535
861 780
333 430
492 625
740 223
461 298
890 684
826 539
553 948
682 848
275 90
795 659
928 304
983 282
34 719
551 118
841 77
133 169
742 743
61 855
83 899
179 404
812 327
36 523
255 641
667 379
136 481
715 87
678 89
200 1000
42 256
128 693
338 606
744 741
302 317
657 210
752 208
917 864
517 358
421 337
835 863
287 440
182 646
109 606
936 422
519 893
649 519
908 820
856 253
632 517
266 356
886 297
814 186
728 951
511 259
430 195
643 78
383 353
899 472
828 466
741 927
488 715
654 594
111 619
286 586
870 204
500 48
603 963
318 27
823 222
367 322
828 304
228 516
923 748
708 270
879 743
515 422
40 710
582 498
286 207
950 118
552 673
383 933
719 831
850 954
483 575
444 815
823 877
989 517
148 27
920 52
958 556
65 643
798 53
357 427
142 569
81 409
255 579
356 21
206 326
696 650
920 978
704 953
946 878
583 615
911 156
392 104
735 440
574 894
743 925
436 616
74 516
570 897
630 561
207 736
522 876
27 390
437 765
711 336
808 625
762 728
389 932
932 500
856 669
763 782
434 271
326 257
517 440
499 847
740 311
597 138
799 834
735 925
973 968
943 99
302 345
709 27
804 699
862 113
40 200
97 809
545 562
659 778
923 539
71 501
187 280
193 623
537 514
705 500
157 849
177 179
196 745
236 730
576 71
118 580
874 340
638 261
149 942
10 484
827 103
54 997
224 976
263 107
176 83
896 380
551 660
13 783
827 404
756 118
315 376
137 584
779 9
19 934
181 287
842 635
209 46
63 863
361 883
370 251
371 814
707 200
798 17
690 902
51 684
289 103
452 469
439 761
246 985
525 856
753 997
893 382
829 982
745 216
816 606
781 676
928 376
533 228
624 535
566 430
221 951
386 620
77 691
78 756
250 29
948 26
87 638
256 724
403 679
556 551
382 577
341 511
603 269
725 89
536 698
477 864
387 8
245 196
616 488
801 554
820 624
148 859
19 597
166 420
79 845
597 896
856 6
50 69
94 62
456 692
666 267
84 203
595 745
947 286
620 389
680 99
3 214
701 787
996 901
893 523
953 846
24 630
261 887
297 582
146 636
780 21
891 736
603 922
208 232
306 396
895 338
845 633
437 11
188 936
690 358
619 404
859 677
182 138
295 489
576 321
918 714
343 509
73 713
534 334
646 660
519 414
284 973
972 546
112 944
696 407
833 812
741 363
854 602
671 368
641 165
56 899
788 444
863 920
648 711
907 294
894 730
168 896
670 938
677 725
56 225
219 383
518 15
77 885
725 569
526 522
48 581
506 257
161 442
97 177
26 872
43 826
190 63
318 240
925 440
307 833
958 168
166 4
49 778
446 276
782 210
341 34
545 894
29 389
658 55
751 600
899 803
94 181
804 620
736 810
93 483
102 327
496 499
512 860
501 78
359 352
822 856
456 577
442 540
727 981
892 736
292 62
40 47
502 744
945 284
895 16
842 108
952 676
511 283
168 371
351 738
889 207
33 811
505 726
197 544
343 562
749 971
193 156
483 983
604 341
804 183
833 467
439 204
995 636
546 602
620 975
508 465
880 100
383 563
702 841
297 860
689 66
232 499
638 63
755 961
150 611
914 228
185 301
362 653
256 50
150 722
100 281
199 258
455 165
628 336
160 606
867 659
475 983
538 571
262 907
289 47
574 752
981 722
711 585
547 273
698 308
937 532
777 163
320 562
281 812
156 168
768 298
273 652
848 248
920 661
151 615
423 962
796 376
696 956
627 612
424 671
117 574
944 366
179 407
877 20
553 742
312 820
430 260
801 496
70 799
587 387
736 839
131 169
833 7
818 853
568 180
77 413
314 945
47 768
193 785
567 739
164 182
974 739
114 821
66 688
688 728
456 716
420 111
277 482
278 5
210 839
186 791
13 488
309 945
419 81
421 515
885 238
995 610
447 519
819 656
567 822
755 526
790 19
331 794
763 895
233 280
513 510
417 449
715 843
667 521
998 97
249 614
158 872
90 546
182 114
245 530
237 610
552 674
772 883
93 734
811 927
404 31
354 862
614 32
580 208
637 385
568 456
380 942
306 777
492 688
76 439
339 741
924 709
816 966
289 90
879 53
350 701
479 287
624 983
647 100
547 711
186 61
823 562
57 87
4 714
406 866
578 755
405 661
758 335
801 80
802 267
694 773
364 664
20 380
88 904
846 960
798 871
912 818
674 817
603 221
472 841
803 911
826 628
208 835
464 733
891 874
356 475
51 271
821 831
973 596
276 644
152 906
160 405
127 489
666 995
544 11
113 292
829 486
635 720
795 186
390 882
464 906
576 962
297 318
636 583
434 961
967 297
267 846
984 399
468 288
678 439
628 582
369 543
745 678
927 348
620 226
163 945
168 331
577 689
538 728
232 670
49 504
488 552
395 212
414 304
179 589
400 878
534 65
884 910
634 693
173 87
214 653
954 316
993 786
794 293
327 823
326 654
561 71
564 802
394 102
244 999
287 753
38 697
185 859
647 17
985 956
638 966
202 874
99 522
561 801
409 524
342 370
159 600
518 145
441 931
405 568
445 635
713 719
920 815
705 559
924 975
542 426
356 153
349 620
530 594
165 509
61 700
557 599
872 183
265 431
782 324
714 646
786 891
436 128
956 591
683 129
665 910
649 49
839 258
19 265
937 270
960 697
373 668
959 933
504 741
963 574
867 924
531 162
610 953
316 204
778 969
191 668
140 482
93 414
529 222
682 365
425 988
209 949
84 199
670 714
221 378
706 742
767 467
731 857
986 554
900 730
94 618
191 963
325 93
365 844
102 257
139 265
965 909
832 905
814 9
822 697
552 461
457 783
612 837
486 130
824 845
718 361
684 329
908 257
876 653
718 152
349 523
102 845
395 303
570 403
110 328
863 778
76 616
684 111
99 985
251 754
362 569
538 548
560 52
803 664
129 348
920 924
663 892
704 883
257 135
336 178
711 501
416 250
683 92
521 137
575 90
100 186
179 269
217 962
492 188
402 84
442 985
518 302
459 996
49 777
549 716
108 364
517 110
848 827
369 496
317 24
749 501
398 843
420 775
353 492
902 683
504 624
285 683
696 366
771 380
184 578
701 227
351 958
445 293
448 119
540 214
178 51
625 410
771 26
738 219
114 865
207 140
427 736
750 997
585 884
966 427
71 589
18 603
277 318
206 460
182 373
440 788
652 109
345 921
288 940
220 47
607 589
630 485
757 368
210 21
449 843
447 704
509 36
180 973
92 17
888 110
760 59
617 854
229 408
290 12
163 870
447 422
51 969
158 47
62 757
417 247
309 385
661 92
323 989
11 315
252 205
570 38
613 196
171 49
484 8
68 847
879 129
347 272
829 940
540 545
595 566
910 727
638 760
733 732
890 541
835 372
998 736
893 406
346 843
184 34
935 145
938 119
196 659
856 532
294 106
557 816
302 609
161 679
735 245
387 165
995 88
563 316
321 953
965 624
268 736
715 73
329 406
274 273
487 935
188 463
999 913
394 950
640 930
970 361
166 402
957 125
174 889
537 160
116 595
878 993
572 276
130 483
118 810
637 890
50 10
838 51
399 909
183 262
438 941
594 591
866 936
261 940
410 130
965 948
658 988
880 852
849 667
915 952
965 69
396 320
698 960
736 371
754 964
59 6
465 291
852 329
819 512
768 574
586 797
913 571
591 44
828 306
617 673
306 420
49 189
305 267
896 402
291 328
148 199
194 517
565 562
734 934
966 595
495 89
98 821
427 905
675 191
489 336
226 328
681 850
186 336
560 109
501 860
711 782
702 471
266 379
21 755
996 71
416 294
804 375
593 405
939 161
104 975
797 3
963 807
711 445
270 189
373 534
899 604
518 758
187 453
209 686
795 738
781 608
980 989
126 833
517 422
25 534
8 202
231 446
621 242
913 185
535 710
459 819
830 774
726 628
179 144
236 423
203 310
222 214
387 447
135 709
139 526
732 647
936 388
407 785
162 980
538 363
22 72
6 717
151 300
690 30
598 639
898 821
439 17
331 680
741 945
941 175
124 917
50 784
34 397
987 529
185 527
225 286
488 952
618 263
793 121
442 9
559 614
405 244
23 677
599 650
706 989
113 639
664 889
793 155
906 922
146 535
328 846
476 908
647 417
686 569
34 937
272 885
711 635
699 958
96 617
299 76
47 666
375 249
727 4
432 495
137 10
925 33
798 817
640 447
532 133
660 946
330 573
440 213
977 850
855 785
459 96
702 188
647 613
962 89
265 319
85 166
359 523
74 649
863 395
829 295
242 451
78 869
482 434
375 317
674 3
71 36
143 683
807 752
248 797
286 909
843 36
956 797
260 772
248 602
741 591
344 173
644 930
663 134
95 320
62 539
528 651
486 839
88 178
567 232
53 892
607 293
611 830
430 142
879 869
164 94
684 917
442 344
796 523
176 644
362 211
568 986
560 538
616 934
977 74
451 411
859 566
770 29
189 216
3 502
166 870
244 66
561 384
376 186
140 773
396 671
540 752
77 350
370 424
714 48
831 565
300 67
553 714
175 781
660 618
55 299
243 59
188 648
157 375
159 281
272 691
348 454
635 762
707 793
267 872
275 357
773 430
868 501
355 691
964 287
346 82
419 642
739 537
1000 203
215 884
201 427
419 787
42 474
355 913
266 304
602 178
251 64
568 393
622 177
143 120
754 89
896 278
424 534
385 816
740 4
99 404
227 171
890 617
144 661
472 770
489 868
113 48
39 264
100 778
429 684
964 723
235 741
365 346
611 414
445 66
301 896
411 94
595 794
265 565
127 305
662 516
888 983
374 458
142 508
326 105
516 201
5 588
772 165
330 247
31 861
249 333
568 519
572 87
408 388
707 254
50 841
13 339
736 360
576 385
887 863
191 827
382 413
794 491
270 840
298 625
81 775
817 139
582 405
578 532
784 816
572 667
797 762
300 438
142 528
683 377
91 475
24 16
318 342
510 674
907 324
752 809
20 171
96 529
426 142
103 886
108 540
968 965
474 146
440 30
95 806
722 588
760 615
493 999
369 217
958 115
669 996
981 818
730 242
749 182
34 573
875 142
351 110
43 681
325 591
866 357
614 975
43 710
464 529
325 976
271 478
766 869
13 179
624 910
291 977
532 753
420 139
437 883
294 676
614 809
317 797
965 657
17 193
679 723
352 688
232 902
748 438
365 642
222 789
210 837
282 86
67 980
512 871
585 791
553 204
537 724
365 787
995 612
465 657
942 93
982 866
228 483
163 86
936 854
993 155
794 92
942 204
727 590
175 743
418 888
291 506
737 158
146 261
867 783
851 146
732 151
382 264
609 452
607 817
223 780
480 272
577 870
997 853
50 734
656 195
664 798
202 997
723 317
119 604
689 509
581 807
607 983
955 414
468 505
647 444
656 529
911 507
879 55
493 280
994 799
77 985
280 261
464 34
656 928
753 492
835 194
927 754
327 294
863 752
801 199
52 79
958 442
113 111
366 299
151 901
112 93
375 427
803 798
554 408
493 860
683 820
886 989
562 984
565 312
871 620
716 180
994 306
540 970
133 428
733 92
151 216
852 827
744 708
50 461
130 63
878 531
853 210
365 580
919 215
387 446
580 973
869 884
249 91
460 815
121 17
356 1000
359 59
434 846
933 376
184 857
560 736
867 508
892 921
567 999
471 959
715 688
554 766
282 595
694 494
515 233
366 591
75 686
793 975
279 415
758 993
301 811
391 34
728 692
351 133
309 693
898 146
112 681
849 416
375 692
358 418
486 375
803 51
775 969
29 679
620 672
55 375
21 451
354 864
48 495
362 707
570 108
422 110
862 780
814 627
357 460
954 894
332 190
650 23
798 935
587 944
949 57
623 86
769 675
479 846
685 527
869 498
542 424
985 717
752 704
894 927
775 34
129 701
4 831
451 83
105 558
454 907
947 931
541 225
393 369
216 300
486 519
569 232
716 73
130 612
347 662
670 558
255 346
458 184
649 785
601 40
734 268
899 857
899 180
504 965
819 14
804 730
500 556
443 802
80 664
479 620
359 462
667 243
455 727
407 820
434 882
770 248
276 208
638 469
107 415
285 419
366 760
274 794
774 675
335 135
373 496
233 325
380 556
73 492
183 115
519 757
245 694
182 703
121 504
167 735
297 869
524 8
696 539
230 133
505 906
132 554
395 781
266 79
12 607
806 845
590 980
771 666
132 660
119 516
232 184
47 712
127 74
945 748
643 418
437 440
755 181
164 490
534 628
393 34
102 572
7 945
968 938
734 797
514 436
739 617
962 152
273 677
881 456
50 62
238 191
591 889
226 671
479 51
653 838
100 164
742 767
892 200
617 194
109 50
56 450
882 327
442 999
369 141
730 193
349 229
874 930
29 273
783 184
877 45
311 651
494 519
117 712
65 37
314 763
819 111
473 378
49 347
527 820
1 846
753 536
409 417
696 993
382 616
469 654
644 903
247 477
296 45
630 56
81 759
947 206
434 903
297 562
273 259
832 30
795 386
619 198
785 360
434 790
936 236
184 785
336 776
652 152
230 500
379 938
881 259
88 429
111 595
439 88
501 631
306 256
438 144
22 339
392 872
120 109
543 215
139 21
802 975
695 56
219 867
977 307
558 496
525 729
311 49
153 258
427 943
409 680
750 647
292 723
756 472
594 463
632 230
771 829
102 766
414 202
660 166
698 465
42 669
777 966
543 299
525 780
150 170
882 165
848 477
996 173
617 144
882 52
755 318
172 558
982 251
345 230
955 817
862 112
855 984
218 271
403 321
591 962
406 534
240 211
568 121
933 783
365 317
866 354
872 932
248 693
528 935
861 573
952 775
915 381
130 735
423 690
541 459
869 974
506 228
182 220
866 770
889 285
317 796
710 349
198 1
164 177
240 791
314 76
871 298
197 439
605 474
939 958
175 384
65 120
128 625
417 426
755 610
899 476
885 235
278 907
540 474
116 189
925 50
149 918
461 676
245 765
568 17
784 155
464 576
714 340
421 866
723 712
174 426
685 102
286 243
923 657
618 27
202 921
306 693
364 907
807 471
811 912
600 689
820 610
940 203
834 578
427 24
67 49
855 440
17 804
508 69
366 171
661 239
812 397
671 474
217 749
643 905
293 512
169 626
186 688
726 318
734 981
346 954
829 460
833 420
401 849
781 700
697 405
276 528
136 163
66 188
674 959
895 691
786 165
915 443
147 805
612 151
880 471
49 855
711 221
611 473
761 548
298 490
941 259
142 155
183 565
130 675
222 69
618 400
244 517
924 473
535 305
972 493
27 966
407 108
967 298
580 34
165 892
59 489
114 852
518 968
305 873
698 640
515 970
679 839
59 326
810 754
274 646
504 247
541 617
322 952
876 375
511 476
617 609
818 184
488 555
642 74
310 484
681 752
809 459
24 653
809 110
266 886
842 389
591 2
149 27
888 59
66 612
430 556
16 928
195 14
699 101
239 164
20 198
930 103
935 646
167 792
449 721
355 520
459 632
358 653
824 513
698 38
761 200
93 592
937 833
523 145
485 262
452 465
536 36
131 928
479 824
684 186
727 6
199 425
801 197
60 785
461 494
246 588
928 269
857 409
200 616
275 150
982 35
469 84
882 975
520 342
100 784
800 934
284 79
166 111
597 313
195 973
347 328
8 232
568 416
715 919
178 187
325 824
877 507
843 183
274 742
881 425
705 138
982 606
514 464
515 921
991 644
518 796
946 7
354 449
883 608
927 317
231 96
742 372
120 995
136 840
102 151
619 507
323 710
695 587
413 674
698 902
538 111
903 341
193 794
931 829
417 398
589 624
294 160
353 732
798 452
127 518
349 520
266 76
361 202
380 866
771 669
155 763
374 584
52 460
493 334
594 379
777 937
363 878
180 296
928 143
9 348
750 505
73 777
256 487
440 4
294 355
976 86
794 875
869 277
797 88
1000 92
472 917
860 760
816 638
782 295
956 622
481 586
722 648
852 559
429 682
343 293
806 232
995 33
339 709
69 596
910 58
757 999
499 779
140 385
669 952
790 463
155 196
619 923
286 894
794 507
382 967
37 232
577 419
740 553
687 642
283 312
800 398
469 541
54 613
987 483
455 542
404 604
47 803
943 773
585 889
514 295
168 375
595 304
188 874
942 71
785 504
418 739
233 447
37 603
60 497
831 885
410 557
272 481
894 175
325 336
309 635
976 712
404 801
989 364
300 146
194 653
452 85
73 280
315 311
140 698
987 377
381 202
76 568
37 782
629 932
632 120
689 471
910 777
379 489
254 955
826 24
149 309
831 265
483 407
618 454
598 590
33 452
864 970
65 555
816 941
474 839
450 231
290 348
794 988
246 517
730 990
575 234
985 260
843 674
275 206
829 651
208 859
126 985
677 471
118 365
445 243
467 551
752 503
944 2
207 553
937 212
574 131
464 237
777 355
250 127
469 479
625 345
726 697
325 240
678 316
871 293
126 484
74 131
934 997
519 905
791 100
405 281
832 123
709 299
657 384
822 602
219 563
463 388
525 393
362 41
325 419
37 639
261 843
63 755
444 599
943 639
415 182
609 105
555 466
656 486
390 26
345 875
660 502
220 445
756 31
962 746
985 827
398 580
733 889
312 459
202 995
297 973
674 393
313 70
806 650
354 717
941 669
944 143
284 672
713 582
327 514
863 988
609 533
422 274
314 507
759 543
137 386
781 985
581 583
416 327
73 880
57 91
422 365
797 111
564 398
450 122
108 514
881 262
540 274
438 975
963 808
692 490
712 488
803 947
989 964
276 529
895 690
151 494
960 593
881 241
700 531
443 570
830 186
83 531
540 562
1000 705
69 556
978 685
753 959
476 546
601 67
892 582
216 31
70 910
643 354
226 136
725 162
269 956
184 748
791 27
463 122
191 939
430 113
951 721
205 911
944 513
652 10
359 138
978 355
865 582
554 764
192 341
600 338
339 166
415 5
949 429
41 592
499 428
82 124
231 861
713 38
111 763
901 863
671 101
528 253
40 355
806 980
163 850
456 168
292 910
449 929
929 511
747 400
917 150
500 544
449 594
789 575
217 558
552 529
627 119
220 679
313 3
42 707
498 1
7 771
631 314
768 89
362 592
401 608
521 439
265 241
780 656
603 31
911 334
751 911
994 912
704 922
781 846
928 270
837 850
129 691
369 22
997 625
691 5
321 171
284 473
331 91
806 370
227 1
872 202
411 966
229 627
52 988
34 611
364 926
576 734
540 953
118 341
804 998
644 143
388 333
213 176
574 347
830 801
762 987
949 729
615 120
805 109
273 148
494 826
151 605
877 395
573 114
683 734
406 27
743 294
156 630
106 825
700 123
266 521
748 271
641 579
534 246
809 405
652 806
563 674
419 250
280 788
267 62
970 755
97 357
832 752
962 675
124 666
766 89
441 312
128 247
770 314
837 754
250 956
264 614
524 508
376 522
108 507
483 459
891 454
945 738
768 37
454 696
703 959
512 58
733 756
868 77
7 517
800 741
608 30
858 39
426 466
754 84
151 606
48 969
198 607
955 900
425 241
526 79
953 504
217 119
588 34
365 343
956 734
958 436
247 855
462 587
477 814
574 228
478 25
853 51
820 300
386 848
472 466
648 586
511 83
256 979
652 549
563 194
675 924
126 564
142 451
93 367
818 292
1 622
199 647
900 698
614 610
193 554
905 494
487 392
269 853
535 94
828 452
866 883
870 843
482 520
340 670
897 709
125 369
148 440
870 181
853 841
825 532
219 869
419 359
629 818
632 10
375 638
106 465
570 448
440 741
777 746
760 942
465 118
379 488
984 822
38 709
422 612
748 108
959 327
941 696
510 652
673 954
945 701
470 880
822 197
181 195
73 970
774 778
111 134
919 949
534 896
205 226
251 771
254 666
94 719
756 760
80 105
902 188
461 292
778 486
726 272
158 348
507 106
215 789
492 510
203 885
406 970
349 845
859 366
113 64
117 904
317 342
523 535
462 865
265 491
375 448
406 532
632 787
27 289
649 276
377 676
8 748
951 776
364 998
806 21
147 217
136 487
725 427
765 954
330 933
38 498
41 46
332 235
813 952
373 961
799 741
981 130
53 671
94 37
481 416
227 644
619 902
235 113
880 106
774 956
459 617
6 683
912 181
516 319
118 857
249 926
947 349
154 139
560 686
948 817
71 706
23 959
281 4
814 926
136 769
466 248
555 197
395 60
484 864
309 719
573 638
462 487
124 706
879 338
592 628
833 894
832 599
724 621
671 166
603 935
310 858
59 710
29 994
341 560
567 358
241 324
926 131
52 308
364 518
845 465
893 453
731 406
271 123
274 173
63 485
156 137
982 5
290 579
682 193
77 649
961 286
433 869
567 858
860 848
863 403
490 154
152 911
173 859
392 263
249 397
178 947
770 687
53 465
751 558
201 739
709 884
645 270
410 414
598 871
32 835
805 72
958 475
627 786
540 235
10 938
762 55
710 191
198 99
18 765
572 308
663 239
154 461
465 747
571 628
808 66
37 304
847 483
595 378
555 920
519 637
943 941
469 822
534 90
2 939
956 296
704 305
407 608
546 556
528 111
21 35
920 457
461 983
233 136
550 803
590 844
711 968
931 344
115 29
78 147
372 500
998 352
113 716
591 467
668 652
65 609
964 295
309 118
55 534
441 934
629 964
194 182
713 754
789 685
116 663
673 76
143 96
40 735
396 550
422 25
812 657
137 159
599 187
143 401
274 32
402 727
651 610
543 912
568 68
830 196
189 196
496 126
938 877
939 572
622 725
936 326
807 637
460 616
333 24
72 652
933 39
340 806
303 787
254 388
701 13
732 389
496 683
543 421
761 145
500 163
658 913
533 739
936 243
760 471
334 302
887 966
799 352
512 802
254 449
914 694
457 161
554 721
295 641
577 656
176 791
223 931
738 389
689 207
764 645
638 186
567 234
534 465
538 924
496 887
315 301
362 768
200 123
724 420
944 106
863 881
263 386
122 498
159 426
626 983
629 736
996 293
82 677
565 776
698 427
788 152
61 618
831 90
269 350
32 336
530 435
588 381
790 897
720 77
494 296
756 955
462 778
526 959
325 710
416 110
734 546
554 460
666 770
634 656
322 280
730 141
52 945
459 370
346 658
19 848
260 198
190 771
498 212
36 621
950 777
781 309
431 140
469 313
625 179
329 334
330 17
723 538
886 58
207 991
50 400
359 414
566 968
254 708
537 930
621 706
594 725
524 773
196 521
549 139
595 325
667 208
624 211
918 67
689 777
83 6
710 929
295 711
112 534
135 188
286 312
497 745
496 772
831 708
813 57
410 508
582 382
43 382
186 103
297 838
980 589
737 336
738 651
423 295
336 343
266 110
984 823
414 190
256 8
534 735
242 865
958 571
277 158
264 515
952 64
210 451
410 769
358 587
812 639
683 256
868 780
690 840
105 312
33 75
397 938
665 702
871 74
955 823
693 200
142 838
894 587
475 715
369 76
96 644
337 750
215 486
858 56
290 572
899 726
80 136
78 647
484 762
485 655
363 507
551 508
557 754
494 439
78 822
708 681
730 353
934 95
576 519
614 963
868 471
504 546
431 51
140 761
744 748
563 176
654 25
568 346
507 867
43 517
994 12
740 632
944 825
118 956
853 327
831 759
605 422
930 944
52 913
331 421
926 776
28 451
835 981
395 960
415 269
73 254
936 60
704 8
351 703
27 797
625 821
444 482
897 800
292 830
754 961
199 35
46 372
590 881
99 822
614 75
941 505
431 863
971 890
133 433
210 276
138 73
470 802
536 348
132 623
759 616
775 135
445 736
279 980
29 993
301 636
780 750
216 647
548 658
843 610
91 217
170 216
545 508
375 129
398 815
15 464
920 740
904 333
743 922
681 991
432 674
143 444
311 814
169 785
167 266
602 25
877 97
740 660
769 918
204 781
598 69
322 320
611 474
630 298
326 472
808 406
735 101
981 165
505 84
917 909
969 349
705 163
580 969
969 374
273 319
303 925
204 721
9 428
434 842
879 844
899 428
799 247
261 907
706 958
124 803
529 159
396 402
605 172
293 961
404 708
624 362
399 642
310 507
538 22
923 592
338 16
728 696
868 843
777 177
556 406
349 688
178 124
461 982
489 21
714 747
71 967
976 545
577 838
561 121
976 944
814 516
176 168
711 856
974 744
55 736
42 705
777 946
480 542
101 98
817 433
466 545
394 322
489 704
664 28
828 791
354 606
284 309
67 191
656 896
897 490
293 545
186 738
207 203
587 517
125 606
882 180
482 365
1000 498
876 614
982 38
62 770
445 418
660 814
463 631
377 754
765 543
397 293
520 296
117 752
78 878
506 57
59 304
623 534
860 932
627 979
277 864
702 444
672 82
175 1
288 363
218 740
593 944
776 144
739 591
204 614
406 430
690 221
728 88
967 267
843 445
93 186
207 182
213 711
185 461
912 254
879 864
24 547
920 177
936 244
221 22
188 833
960 65
525 126
953 855
553 118
239 630
888 380
337 394
528 61
75 554
197 174
310 455
681 721
242 521
828 256
25 85
873 377
894 1
233 403
666 214
650 755
275 153
197 960
273 909
157 370
107 991
451 459
686 495
101 53
279 475
876 937
682 578
475 960
466 62
964 260
87 215
259 956
665 673
208 84
261 214
569 445
751 941
254 719
60 816
962 148
503 52
773 220
556 732
501 531
618 933
13 599
621 258
821 192
492 186
705 815
321 38
855 929
713 101
511 895
41 423
574 27
498 630
118 183
302 446
346 514
259 393
170 724
703 450
131 551
450 239
636 935
550 115
94 79
106 120
528 605
66 564
801 719
786 285
567 149
808 253
884 520
796 838
999 841
862 451
573 148
10 754
602 900
640 693
553 216
19 852
866 881
867 568
904 526
692 693
966 316
492 192
758 946
262 439
59 97
979 944
604 451
480 265
154 966
490 964
713 333
457 527
276 85
188 681
137 649
210 305
522 508
713 478
567 495
668 838
963 130
266 510
285 434
877 568
15 729
733 564
772 932
684 216
542 202
194 844
391 554
74 822
406 857
869 421
655 798
61 653
121 300
501 582
228 386
886 603
493 645
298 355
194 304
97 571
486 599
801 393
820 403
641 16
278 323
425 909
914 206
501 186
433 426
218 732
352 710
773 756
706 371
732 697
52 603
779 968
249 51
508 840
917 586
404 627
493 555
560 761
889 270
995 538
500 228
690 116
469 687
770 188
537 735
676 529
442 285
68 311
30 100
699 383
19 993
551 522
903 265
962 967
335 891
324 232
362 935
112 642
422 853
334 1
651 321
326 101
727 570
747 280
654 884
604 423
823 697
515 430
993 888
12 748
76 482
746 80
656 360
431 975
702 590
261 268
10 12
603 391
258 182
660 70
418 313
294 460
669 304
363 811
219 271
366 466
169 630
817 630
750 294
593 399
394 528
734 616
330 658
223 237
397 971
895 703
659 85
952 201
806 164
963 587
160 428
307 47
221 589
259 432
469 271
753 440
463 801
249 237
952 918
274 766
296 90
335 283
338 461
728 125
620 59
966 420
343 828
74 83
537 921
130 449
79 998
671 546
481 861
70 175
254 344
370 845
371 545
44 526
248 145
837 199
965 914
415 113
421 529
188 813
742 332
28 710
395 205
750 843
417 629
970 843
667 953
884 4
859 718
861 276
450 409
267 245
396 983
482 570
897 94
479 518
831 509
834 563
210 505
289 910
453 659
169 688
370 243
388 982
154 720
911 474
350 882
829 893
388 869
945 596
51 549
252 98
90 69
555 149
591 755
668 428
65 897
483 142
912 902
555 34
459 137
948 115
74 544
181 844
420 564
556 648
703 203
252 695
876 448
792 526
612 183
226 982
765 911
98 156
99 173
985 140
307 440
537 859
829 736
421 384
61 121
467 318
361 967
782 907
507 705
438 589
420 200
224 473
187 719
318 913
892 724
917 529
810 579
62 748
283 705
201 72
933 263
365 837
336 801
832 934
434 360
107 402
187 909
532 181
831 861
687 473
637 542
698 898
77 455
296 626
125 475
456 120
332 539
651 137
444 649
854 880
231 723
498 382
885 626
909 596
739 506
354 769
172 146
546 131
453 616
966 812
99 559
318 271
467 979
873 180
933 722
536 4
811 250
798 900
488 485
347 442
665 593
759 369
534 893
886 636
522 861
9 102
711 387
753 137
536 849
983 200
745 156
909 677
872 691
74 727
576 573
459 915
467 257
946 483
263 975
123 366
655 505
145 128
697 691
751 608
518 579
464 954
728 279
32 798
568 320
58 786
683 529
174 868
60 91
396 216
239 87
733 316
933 426
151 509
763 525
636 757
643 93
679 779
740 779
135 809
248 201
266 552
691 740
468 470
14 990
932 101
496 951
996 816
620 944
54 778
382 391
884 973
872 909
335 791
780 128
927 51
788 651
41 226
745 274
33 766
74 52
609 291
594 57
634 982
216 911
582 542
884 613
459 375
111 18
9 454
889 764
285 433
586 676
152 506
891 487
519 859
806 588
76 361
294 304
422 325
765 371
180 447
254 744
916 363
578 278
398 413
916 730
419 898
655 989
539 542
407 326
264 208
857 247
105 890
235 711
933 778
754 345
80 424
799 849
217 193
184 502
84 151
344 252
911 756
127 211
4 304
407 917
142 418
473 521
992 535
594 695
259 130
614 690
800 430
268 76
931 660
309 776
828 54
737 837
331 564
540 416
210 831
581 348
379 988
505 265
455 253
457 238
175 418
903 507
279 445
304 279
552 509
609 252
827 165
274 863
97 448
577 606
135 162
230 100
681 552
612 772
633 359
816 257
11 993
158 848
91 287
54 897
779 484
548 303
966 586
147 398
741 346
9 401
202 894
868 851
281 581
615 454
963 97
765 53
674 856
774 955
201 400
289 195
282 257
522 94
171 163
389 120
397 605
557 658
397 762
454 929
554 499
226 832
152 611
636 155
69 758
778 586
621 90
273 898
200 958
238 602
207 521
958 371
575 471
126 731
1 792
734 282
292 265
682 369
866 242
634 150
199 810
865 458
807 555
352 739
890 111
28 434
984 488
363 37
2 277
886 709
493 839
265 849
729 340
733 356
550 666
999 678
918 872
151 293
482 604
219 531
516 429
6 599
63 642
10 538
980 306
340 721
16 135
913 655
168 450
542 564
818 260
729 743
289 562
162 288
866 536
655 401
980 528
659 873
896 373
447 406
395 315
324 483
141 787
897 93
42 572
355 527
906 901
870 338
214 470
307 688
518 254
707 179
284 451
327 738
440 510
974 383
78 432
155 917
228 101
247 267
398 315
402 838
669 132
667 258
583 578
877 721
844 174
955 783
212 576
679 252
28 216
332 489
900 142
259 286
613 729
765 355
467 483
696 235
994 464
196 882
491 438
255 465
257 658
4 377
245 203
706 335
601 419
804 704
880 38
702 674
420 201
573 29
630 214
503 692
883 758
117 50
889 73
339 104
1000 878
822 919
126 288
3 193
214 967
486 88
287 153
97 415
153 157
211 403
413 595
767 142
549 955
326 960
20 747
546 591
324 33
822 288
805 574
404 249
836 132
230 191
233 105
140 659
396 613
276 435
392 592
375 519
949 980
589 333
147 454
534 310
59 658
635 755
745 87
138 15
600 878
108 785
570 10
384 899
574 626
617 45
910 592
272 840
381 613
399 122
649 379
703 8
483 173
860 425
216 496
933 563
55 789
721 281
80 175
762 583
751 30
484 705
527 495
929 948
325 707
803 847
588 207
950 994
312 946
856 687
36 537
398 160
19 301
369 784
759 7
373 888
929 662
469 341
911 866
915 359
411 741
960 268
943 445
670 671
623 677
535 263
687 952
134 968
961 919
719 262
629 329
692 913
178 709
703 23
273 261
616 747
28 617
302 120
24 556
461 553
957 676
151 365
260 262
783 792
932 102
695 424
844 858
58 645
7 370
210 122
64 313
732 795
35 125
447 712
983 906
31 9
362 976
200 11
382 279
223 785
478 778
690 658
51 928
90 966
362 867
647 192
720 480
155 831
638 614
68 800
785 466
586 677
489 941
543 273
929 133
470 231
256 297
185 117
683 402
722 436
941 598
526 636
138 773
674 179
582 840
17 604
952 465
271 99
833 466
322 89
329 723
274 212
55 889
938 127
665 989
681 740
446 430
907 936
913 427
502 933
248 844
563 407
907 825
398 188
937 334
829 360
30 540
762 659
373 860
395 662
450 727
217 192
643 508
93 429
97 938
830 786
902 655
339 853
70 935
553 399
994 11
620 465
123 619
295 470
403 821
332 348
704 349
269 996
827 966
663 52
406 199
547 455
583 509
822 607
804 510
861 251
862 332
610 445
369 875
758 877
995 621
283 569
983 584
361 329
681 670
684 747
832 798
745 690
576 275
975 405
379 682
417 329
864 30
594 139
722 84
595 158
305 125
944 422
16 685
416 804
722 231
940 50
647 146
620 714
785 795
551 968
642 932
681 858
367 155
974 497
379 377
459 385
793 417
388 899
670 121
858 249
252 88
768 225
278 628
336 227
778 390
530 615
829 569
938 818
613 962
274 56
544 294
803 775
806 218
355 140
711 219
381 992
813 775
425 94
189 45
621 169
191 611
278 365
719 747
210 623
377 422
72 660
557 288
348 737
771 366
838 388
149 609
424 160
596 190
265 848
208 272
368 924
957 379
226 487
580 746
338 237
525 87
766 757
14 36
676 197
288 782
642 469
352 433
628 391
469 818
610 304
684 719
13 15
577 569
510 588
796 733
637 745
231 856
859 595
931 126
125 181
36 346
590 801
58 510
437 538
102 975
619 307
785 741
37 880
723 369
262 46
159 434
876 832
910 583
114 155
646 960
133 787
280 249
119 430
391 735
674 25
337 777
674 136
218 60
642 682
665 635
649 350
958 208
635 933
156 378
375 102
394 419
214 32
57 235
355 970
854 496
969 842
731 359
552 888
38 205
520 348
902 922
227 4
264 26
183 913
434 342
398 197
494 626
498 593
838 695
86 328
557 505
899 817
171 66
204 899
577 191
249 286
641 981
52 767
201 643
473 934
311 578
721 186
922 741
923 68
528 628
520 152
136 641
46 132
981 311
567 546
239 669
754 723
836 35
570 772
508 882
58 705
942 45
12 18
876 337
899 282
940 694
188 819
671 806
448 544
451 387
567 881
755 721
84 755
875 792
34 280
567 230
680 282
841 984
141 677
551 690
71 932
662 265
404 105
43 475
724 562
102 890
486 485
751 347
376 46
561 235
449 561
363 983
659 610
328 658
901 737
975 528
30 385
237 835
219 472
437 385
856 995
871 752
394 500
837 928
399 69
510 153
777 141
820 245
790 901
462 782
526 899
484 706
825 248
324 811
477 519
829 722
740 403
136 97
544 366
434 378
472 185
770 736
808 563
860 788
311 640
978 895
722 789
193 225
726 949
551 314
256 825
169 8
978 782
227 286
105 958
895 855
400 340
903 866
101 990
355 418
787 145
322 681
767 361
382 969
808 224
168 95
739 264
597 938
357 693
914 500
619 715
921 432
244 793
619 191
27 674
432 306
315 111
281 51
746 857
374 910
713 16
993 224
577 993
906 745
227 387
376 222
747 305
784 197
326 700
555 642
915 715
667 528
889 928
907 1
530 956
950 97
244 332
318 719
979 659
964 69
271 735
738 886
209 108
621 927
837 610
897 309
719 578
155 943
7 838
797 563
323 373
698 331
931 142
683 405
117 881
519 714
910 850
375 46
527 349
77 736
886 606
797 167
691 604
79 738
968 683
955 935
649 112
796 481
924 46
905 437
734 105
87 568
944 3
407 177
504 550
196 804
640 524
202 222
369 908
912 396
360 729
415 747
587 10
511 114
663 913
317 789
139 883
726 691
861 984
511 195
520 848
335 433
410 456
766 591
235 5
612 728
280 516
36 65
883 606
611 975
595 466
649 750
232 684
818 143
83 340
628 216
490 108
537 333
741 533
169 469
64 649
173 105
504 448
528 711
714 351
651 322
301 197
561 81
428 200
871 884
526 443
177 328
343 447
826 154
426 441
209 63
522 201
50 681
492 569
4 557
959 503
599 76
357 289
894 536
588 419
806 622
912 925
251 915
289 178
479 227
579 177
119 152
380 356
899 566
954 567
991 752
636 149
322 301
677 501
327 60
240 366
117 3
731 568
863 47
353 434
316 802
563 921
340 168
503 396
804 607
90 629
643 475
899 869
773 906
776 248
170 683
799 708
273 162
899 242
645 410
186 585
193 459
268 846
770 893
884 579
973 910
723 839
407 808
526 294
879 840
398 725
948 867
328 300
831 826
742 323
180 872
3 389
97 482
745 462
219 819
221 773
766 259
149 36
996 601
37 968
284 845
893 975
382 300
777 724
900 522
985 793
688 120
104 783
971 747
424 886
955 434
446 494
48 374
780 575
51 697
280 353
158 660
769 266
755 161
354 602
206 747
100 426
964 435
609 932
60 808
170 184
315 817
172 606
674 248
566 266
164 862
310 756
795 596
137 884
778 266
433 811
531 974
610 621
114 348
385 860
521 254
928 226
960 522
566 596
18 22
532 570
496 228
95 4
721 477
80 483
818 561
492 112
968 724
759 210
766 858
681 136
844 127
204 531
395 83
5 718
299 801
396 253
622 585
933 34
59 413
666 751
973 801
939 721
690 217
563 548
306 206
70 127
731 851
75 919
829 226
351 610
410 80
377 163
819 308
853 135
184 893
850 418
304 322
586 120
948 839
119 917
383 290
211 405
508 593
328 215
943 288
116 30
813 464
963 511
917 466
844 462
570 310
149 118
78 65
334 239
784 504
94 955
55 339
664 983
996 339
869 621
612 643
941 735
584 420
609 599
242 88
464 482
798 907
638 714
768 170
53 80
220 935
574 850
761 937
299 304
835 760
938 153
354 320
979 645
826 562
5 511
584 260
209 604
471 948
866 342
723 707
820 297
104 453
801 481
506 89
476 625
956 843
340 224
75 853
593 912
904 837
935 342
395 586
550 454
374 136
294 512
575 913
745 842
448 240
302 15
529 57
378 881
325 150
565 650
831 924
945 265
763 526
66 722
931 842
914 516
679 772
230 492
603 834
451 465
584 66
790 2
538 219
801 716
634 640
525 495
749 849
236 932
922 301
817 49
174 406
876 596
409 775
599 724
34 172
995 760
760 948
746 139
893 104
769 80
589 367
924 756
384 887
693 305
586 675
717 395
241 338
276 183
695 392
301 676
479 537
413 490
694 901
474 60
565 870
670 146
138 771
255 966
437 277
989 840
682 215
848 243
521 211
389 803
872 249
216 381
791 584
157 57
895 532
201 632
244 698
562 611
62 936
970 268
165 110
43 590
299 984
657 206
951 548
75 881
790 249
947 133
714 152
852 757
861 983
188 39
658 835
571 622
610 456
24 923
991 709
850 475
465 639
339 34
582 34
328 305
956 147
300 847
176 837
33 972
486 102
201 768
41 637
813 391
45 29
980 392
491 589
941 99
870 75
564 930
193 987
12 313
36 439
480 297
907 44
67 283
548 298
822 409
926 535
405 855
64 967
600 697
51 815
486 418
324 281
181 176
589 275
699 831
367 165
426 329
465 229
9 115
747 715
695 427
703 876
650 120
462 570
472 566
642 708
811 199
427 617
368 303
851 838
583 603
604 918
290 746
546 737
385 893
912 813
930 442
237 44
61 798
479 115
256 564
268 600
948 10
472 195
518 748
920 619
246 437
377 330
360 536
455 411
347 818
278 496
743 708
527 199
575 715
729 191
436 344
190 574
249 98
66 632
126 440
108 382
348 658
511 230
101 870
11 578
374 698
378 681
141 251
953 973
218 990
917 618
790 232
439 506
386 226
23 251
944 568
743 136
33 895
451 536
76 955
165 582
168 581
482 714
780 101
362 116
382 115
276 324
558 86
266 894
943 536
453 492
989 298
112 674
791 468
776 95
374 870
983 844
128 226
861 272
628 13
243 41
885 410
633 497
651 254
450 405
608 49
293 889
280 76
851 407
197 521
741 460
971 635
259 839
349 847
530 566
489 596
879 195
792 197
554 220
448 208
725 553
640 393
750 84
899 644
687 621
686 912
484 808
639 868
511 753
425 158
635 133
502 924
195 548
757 666
848 842
80 484
298 295
695 248
874 966
708 750
86 334
434 295
899 819
807 746
278 412
668 108
585 666
625 137
199 890
921 696
739 385
770 532
283 423
162 812
126 581
933 33
274 734
408 660
916 778
107 104
144 254
292 14
990 189
719 353
576 145
169 349
243 579
164 64
187 417
426 939
351 754
548 938
272 225
850 306
469 175
961 715
124 947
141 449
310 472
492 958
97 382
577 948
119 761
745 314
515 856
581 964
324 435
343 497
879 291
491 674
23 707
119 622
267 789
896 195
689 316
284 624
181 232
437 30
77 7
704 735
9 319
63 244
981 593
379 291
18 439
172 940
603 112
273 515
661 400
100 222
941 896
854 419
840 925
207 831
564 494
190 43
997 441
928 144
308 434
6 417
276 720
904 153
815 429
606 482
22 595
633 576
706 396
230 982
378 45
786 116
327 148
365 481
150 970
593 518
26 385
856 464
175 32
397 38
550 116
454 25
937 113
153 514
101 988
246 159
433 274
472 328
400 229
757 769
558 978
652 435
583 133
586 443
93 153
488 181
173 353
391 302
430 176
714 71
914 517
143 853
810 690
10 590
210 769
598 701
982 860
876 439
163 420
747 162
451 353
162 756
895 378
831 706
447 757
504 277
196 459
287 924
145 883
681 577
811 542
906 870
979 804
963 363
945 980
506 770
515 454
370 341
280 21
968 130
436 664
665 358
564 668
711 799
931 487
91 66
113 654
241 337
544 960
780 704
161 112
312 132
384 785
630 772
996 86
753 335
418 496
517 772
886 557
348 41
469 107
213 317
565 8
234 888
184 45
612 21
277 227
164 742
75 389
313 504
875 869
904 181
429 646
411 903
341 458
217 84
571 933
809 888
269 548
769 225
800 85
585 705
93 426
921 711
316 143
562 755
268 362
752 205
454 5
147 607
791 926
994 6
745 916
880 97
274 550
957 483
351 532
376 320
835 398
64 493
121 236
283 653
747 96
162 566
330 352
918 97
296 784
44 438
50 867
786 203
184 933
108 188
987 447
344 683
883 382
441 471
614 242
50 581
951 137
220 437
650 692
871 886
285 335
571 48
863 806
220 292
148 185
77 237
43 293
997 940
14 488
42 358
243 283
831 186
501 771
267 571
533 300
384 765
648 538
575 161
355 834
928 506
930 328
694 785
398 466
346 899
610 724
20 448
316 623
455 325
501 549
583 747
713 825
129 728
528 968
298 177
377 728
912 701
678 916
769 1000
58 878
807 880
869 567
709 802
467 459
640 635
36 604
751 567
396 999
529 341
736 895
257 742
493 628
576 1000
614 880
691 457
987 942
895 843
914 280
239 789
844 969
575 603
559 70
320 69
728 66
676 482
934 942
829 220
904 749
562 505
447 841
553 138
704 106
922 977
425 543
279 364
715 500
770 157
366 746
116 405
387 727
559 277
671 847
788 617
713 384
581 94
415 146
932 264
183 150
924 550
7 452
747 507
968 797
632 73
551 938
671 242
711 961
253 479
890 932
390 246
998 283
233 915
781 902
403 137
42 715
745 8
375 861
837 969
347 341
419 864
298 115
854 388
603 132
271 164
330 544
592 915
661 300
78 598
284 465
30 725
325 747
659 7
238 792
223 204
151 931
446 357
694 912
659 116
5 990
498 588
912 552
434 292
731 518
604 973
832 511
575 665
675 795
804 637
291 514
19 499
151 246
898 226
875 320
892 610
258 248
390 997
52 536
400 9
757 221
848 663
316 405
743 350
176 544
429 146
729 436
982 966
306 351
240 679
171 871
387 674
634 507
72 992
777 176
880 919
718 541
559 297
68 372
250 627
914 704
779 322
763 819
875 797
291 444
94 534
483 644
84 621
927 235
125 71
591 158
428 146
530 998
840 82
949 976
488 566
146 991
864 840
132 670
712 108
513 77
843 854
67 240
820 978
416 296
77 919
637 191
285 202
199 388
533 356
113 963
369 89
150 924
344 197
492 289
754 76
517 176
591 835
152 560
765 588
89 155
215 623
401 247
757 716
140 335
976 365
322 275
91 594
95 122
813 827
9 843
469 337
255 352
427 450
203 397
956 837
999 609
946 367
420 636
814 462
852 133
60 80
926 743
245 92
529 63
838 451
839 798
188 140
390 592
942 477
211 85
981 441
108 710
808 1
563 484
352 397
387 670
745 618
942 76
474 912
520 612
957 970
614 324
686 81
559 717
732 791
348 232
831 717
965 375
589 523
770 359
537 400
964 49
486 309
386 687
71 901
996 482
210 299
376 959
506 882
196 234
203 702
742 853
17 822
397 766
54 331
277 662
169 755
21 370
59 547
160 986
161 119
402 891
33 664
686 751
60 268
673 13
859 358
700 802
299 687
503 135
855 978
859 407
966 941
294 102
80 286
549 660
711 917
93 409
638 911
633 611
703 415
598 163
937 19
434 236
809 904
641 23
479 332
160 356
679 631
772 171
667 407
562 323
979 894
41 73
633 814
4 347
486 826
793 734
62 681
183 215
452 781
35 319
590 559
292 214
240 751
404 1000
866 815
353 960
213 692
954 442
737 58
866 670
253 216
680 326
898 133
370 404
331 998
64 571
46 383
883 238
832 560
674 303
937 482
971 883
661 19
185 842
183 339
544 783
742 230
928 686
451 11
750 749
141 891
54 164
119 454
216 799
198 979
548 522
493 269
738 904
557 324
320 845
930 214
713 734
932 971
402 863
973 148
264 772
873 768
346 896
973 357
330 668
885 24
333 535
834 28
490 838
289 401
19 248
218 89
853 145
296 290
339 644
752 155
240 79
505 93
524 878
356 780
641 860
109 564
938 546
503 929
425 653
282 14
11 580
6 685
947 272
98 706
843 483
844 952
405 324
83 86
980 200
197 34
541 836
861 219
130 253
525 420
267 444
770 13
366 602
850 223
558 84
177 815
505 522
750 828
783 973
842 395
847 190
832 749
427 707
798 776
563 623
435 992
348 327
495 16
408 20
488 834
552 651
936 746
427 932
618 500
806 311
881 622
633 56
113 708
495 502
405 986
464 106
816 927
229 166
68 868
627 495
690 401
260 293
820 797
342 105
623 200
934 301
574 772
706 132
869 328
174 299
472 818
470 269
448 299
782 192
269 275
821 870
750 180
492 220
97 756
494 630
906 724
544 437
339 563
861 714
825 460
207 488
942 629
15 840
984 171
583 125
933 94
184 435
407 107
684 813
164 364
662 743
790 424
792 929
524 764
410 44
856 20
50 119
965 575
633 998
61 341
390 629
486 962
771 186
511 277
279 621
84 793
175 578
828 424
184 213
157 487
836 995
656 121
249 638
768 579
684 687
352 192
101 459
599 604
102 28
1 197
817 155
836 129
361 39
112 863
422 998
557 89
667 697
45 261
102 894
582 564
916 136
534 715
243 180
890 953
524 501
600 883
255 373
406 676
493 324
720 392
169 662
976 802
6 3
688 246
617 16
160 959
717 117
393 721
613 36
869 394
817 551
199 391
935 19
43 625
388 214
511 518
425 367
320 595
392 96
553 345
786 848
489 848
734 554
293 288
455 297
865 419
636 216
587 260
660 696
611 394
907 405
723 708
463 961
763 199
86 360
179 54
252 576
715 88
933 225
79 529
133 489
736 824
524 529
373 101
174 878
586 342
307 267
715 390
900 284
316 459
377 211
107 86
439 399
212 251
505 375
767 75
442 256
171 834
44 460
524 966
248 207
619 64
412 884
783 871
642 409
182 326
40 315
600 275
253 819
220 60
183 670
742 409
799 98
684 865
695 13
220 467
519 355
668 959
387 972
729 851
146 945
760 881
684 433
809 190
980 708
413 197
486 389
346 280
440 349
383 775
719 729
949 164
931 489
203 526
96 446
168 987
523 211
927 637
848 287
697 164
493 185
756 705
26 956
542 92
66 397
854 338
860 551
610 718
555 211
72 275
512 142
695 663
367 582
879 813
647 528
327 84
645 127
373 694
339 634
375 328
916 966
222 453
159 212
265 716
175 81
623 946
60 279
153 627
620 447
765 802
297 204
726 695
415 356
584 339
946 114
224 374
449 277
693 956
257 872
978 306
287 92
35 143
681 641
339 261
653 768
639 909
435 790
438 75
774 497
866 526
426 643
443 291
194 743
983 933
414 480
557 16
775 261
461 752
382 4
695 134
517 674
862 909
349 582
717 475
76 421
257 325
868 857
427 21
673 861
160 904
147 370
593 230
579 407
119 374
846 931
406 892
336 216
303 492
216 574
329 865
130 882
916 277
898 1000
321 80
427 320
670 284
319 886
352 33
398 242
331 61
976 310
316 847
428 957
531 148
36 606
137 225
244 665
681 254
277 9
429 633
305 555
13 890
530 36
804 603
456 937
365 423
900 438
692 816
21 206
821 596
494 804
44 743
781 198
731 843
770 889
774 913
477 15
251 162
705 340
874 421
981 399
505 446
657 457
168 170
210 936
321 26
514 229
680 5
864 97
50 590
686 31
628 506
839 440
16 253
399 650
382 118
936 830
921 142
975 455
742 470
373 401
339 289
31 63
14 779
932 266
914 877
693 551
612 806
461 974
104 597
103 409
215 291
898 281
617 793
621 833
988 912
205 90
104 883
711 848
169 697
236 197
15 286
336 874
769 840
739 744
246 552
963 976
466 680
893 271
426 74
834 863
262 732
801 14
331 198
711 967
308 42
243 535
134 410
393 236
378 306
910 267
346 788
57 863
520 321
260 68
613 882
27 371
299 758
502 128
545 242
433 696
730 190
877 61
414 709
1000 319
902 558
799 902
797 735
263 992
325 523
308 767
401 43
455 376
540 34
548 310
688 885
895 958
421 393
403 914
649 878
944 874
134 998
563 240
217 428
26 844
580 789
835 772
748 99
939 681
438 669
295 858
294 619
14 298
328 509
645 668
101 744
597 755
732 926
328 332
755 551
662 726
956 342
297 695
210 912
323 691
567 844
605 57
309 620
523 973
737 97
595 127
470 529
163 605
591 235
978 28
372 307
225 535
970 234
211 612
424 14
404 485
390 208
157 251
104 356
660 150
642 617
717 483
337 991
925 246
945 536
451 716
826 365
422 336
759 729
600 914
640 505
993 382
848 124
109 366
243 578
25 699
823 726
899 741
662 890
260 425
32 543
743 986
778 40
694 590
238 826
778 701
636 217
838 517
312 807
645 171
424 289
723 711
333 943
706 395
71 255
915 365
556 904
328 433
565 501
865 411
775 430
60 227
185 428
430 469
947 173
791 996
459 583
357 688
260 314
644 794
6 322
830 549
615 817
391 299
914 512
166 733
663 155
80 926
227 961
654 582
720 922
666 16
941 234
409 113
230 115
106 37
714 292
552 407
903 178
120 121
230 194
809 584
516 641
591 207
942 423
758 596
200 128
590 909
922 459
279 858
873 127
525 606
794 27
585 307
345 566
323 762
419 591
242 918
261 272
516 634
101 81
138 45
243 256
996 194
581 616
309 181
609 631
167 59
284 373
123 199
655 870
103 869
769 743
937 517
726 225
281 829
302 657
747 881
15 116
175 719
557 657
564 211
109 10
346 716
96 831
763 117
670 451
907 831
621 111
948 161
363 387
973 562
654 119
64 739
4 168
252 293
305 671
160 358
344 195
329 273
383 162
170 579
190 518
691 31
287 424
344 882
342 717
1 727
628 962
41 822
300 549
943 189
321 582
585 945
433 140
880 243
923 289
581 325
943 802
529 170
924 57
760 280
558 207
797 877
779 686
410 263
432 467
486 26
767 255
148 503
365 919
55 912
763 780
73 336
720 789
59 901
23 550
656 465
917 22
243 81
64 940
780 818
162 505
422 559
24 458
551 703
968 161
676 754
537 140
632 922
923 907
820 997
551 855
356 5
428 634
53 539
984 195
308 160
99 174
687 447
602 204
313 319
702 291
320 621
618 594
821 159
455 113
536 865
796 339
815 497
1000 302
360 909
70 584
53 438
807 877
117 739
67 457
69 640
587 463
808 496
312 735
88 66
723 767
575 358
632 936
377 319
731 940
515 651
934 195
305 697
631 911
579 752
28 282
344 223
491 80
183 702
809 123
791 959
898 635
706 661
322 746
417 946
640 779
155 241
917 517
903 566
118 768
46 221
801 888
866 862
315 204
101 755
482 599
196 729
876 363
310 321
874 324
983 618
876 506
89 984
405 36
832 880
274 999
548 148
92 56
741 645
593 965
998 60
391 934
932 666
625 920
571 231
337 208
511 209
152 27
745 124
690 943
513 102
111 83
462 747
648 682
613 14
603 104
553 851
683 464
412 940
542 405
307 964
181 803
75 352
541 67
804 779
234 959
697 445
51 721
402 99
540 797
969 989
520 465
702 399
260 212
831 903
715 190
271 500
294 831
207 490
977 767
318 225
201 645
476 537
437 781
207 737
169 423
669 626
361 975
987 911
986 758
93 256
793 634
97 837
153 987
870 632
525 147
374 363
502 348
732 633
61 339
245 502
139 425
656 146
658 903
243 624
218 926
535 79
224 319
992 869
390 762
375 107
88 478
236 558
496 596
79 224
15 776
664 534
405 56
33 633
287 932
861 479
605 140
529 706
82 486
708 438
603 861
274 252
24 403
134 447
985 888
128 113
494 291
14 938
712 649
842 798
38 551
259 790
96 404
629 758
462 711
470 649
798 125
622 353
113 887
778 876
744 175
851 661
755 305
575 250
426 47
119 174
963 860
432 660
180 82
735 480
756 909
211 440
678 861
857 370
126 937
846 698
669 899
84 421
467 535
602 422
260 820
844 431
98 201
151 817
812 909
198 372
455 351
240 334
958 306
672 119
472 477
680 642
683 204
496 483
648 480
649 905
409 349
852 247
502 440
395 990
378 890
804 370
348 854
684 358
352 273
596 252
956 387
432 345
48 837
583 278
417 747
62 771
831 889
174 296
418 870
419 131
537 484
867 769
525 379
927 59
1 39
93 857
721 656
759 888
565 559
785 679
664 784
862 919
702 712
461 102
372 391
57 540
584 231
215 91
91 41
238 296
86 748
68 815
234 563
437 126
111 139
612 684
594 339
208 154
371 758
48 307
267 531
489 647
721 92
651 873
179 232
622 236
308 124
660 905
667 676
958 146
996 33
1000 420
904 298
243 718
949 358
574 941
275 728
985 227
964 805
89 101
382 674
496 33
593 725
945 936
961 41
598 389
909 265
843 13
240 38
33 379
574 143
211 336
389 694
75 884
402 476
956 987
724 367
503 708
127 168
573 94
98 446
5 914
102 414
230 675
212 170
912 160
794 140
867 462
92 581
448 832
710 104
527 674
586 42
755 625
516 433
535 119
335 221
858 874
307 283
862 710
59 23
352 27
997 613
390 349
391 44
289 558
306 580
179 750
572 879
543 190
193 990
772 566
492 898
456 184
93 701
276 387
918 822
174 715
79 510
462 498
673 625
717 328
827 264
385 285
10 893
141 102
855 478
116 923
258 948
958 989
261 371
998 450
215 594
693 272
108 848
567 379
788 4
147 372
646 110
855 60
553 886
368 636
55 948
794 772
872 60
138 800
706 191
851 826
51 494
397 678
691 894
399 904
29 315
88 873
11 464
235 522
733 696
907 858
640 639
606 446
787 768
978 833
528 257
959 518
691 348
840 930
446 828
87 843
991 497
667 455
246 168
469 391
41 128
222 994
954 759
541 595
92 320
892 713
967 281
914 423
516 375
562 811
919 90
945 507
502 480
840 751
896 769
236 692
516 262
698 602
625 556
845 755
41 563
374 93
266 1000
193 664
620 865
687 379
770 8
755 762
295 615
144 512
225 303
961 659
690 371
603 574
106 122
561 486
599 554
699 668
819 922
385 200
189 962
813 136
279 812
564 818
105 51
13 541
953 509
556 174
176 162
289 901
396 863
574 606
367 196
261 343
815 848
263 393
546 231
512 443
180 345
107 779
646 74
632 410
685 752
635 973
252 123
678 635
570 848
402 958
411 692
798 800
968 523
679 103
15 787
341 172
626 106
807 899
694 586
670 393
838 543
568 79
93 744
702 62
425 18
183 89
146 236
938 848
613 594
673 426
92 955
420 866
717 756
832 354
154 274
286 783
514 562
753 800
350 374
188 117
526 405
841 325
143 975
990 166
738 199
773 580
978 726
120 786
328 511
382 182
75 538
518 722
704 74
667 894
151 321
585 217
527 666
714 447
810 874
405 470
888 390
172 384
874 185
306 445
76 811
263 91
315 457
387 580
346 481
166 992
23 617
907 26
637 375
528 213
767 916
520 493
849 271
996 458
262 114
690 633
621 803
231 603
15 606
931 353
328 778
76 408
388 556
579 307
797 553
674 453
858 358
17 846
452 427
702 527
418 374
315 994
502 672
998 613
837 937
473 350
54 397
812 729
467 824
323 444
962 29
467 681
142 915
843 770
428 134
728 450
770 763
809 775
220 800
902 520
412 284
986 937
934 185
277 650
95 247
387 198
76 812
677 233
221 317
390 810
100 750
601 391
234 414
45 432
370 936
294 689
265 768
839 794
400 105
684 985
576 242
689 721
581 367
818 19
549 129
168 356
387 642
799 329
748 359
144 509
71 722
511 411
633 225
127 793
59 386
732 787
889 666
521 942
352 239
614 203
138 358
690 315
49 129
626 701
163 137
275 579
77 371
3 592
206 105
797 602
485 30
257 461
388 625
667 646
318 758
360 328
837 730
305 505
901 701
519 2
101 95
842 819
354 685
315 913
209 246
861 777
191 920
659 500
473 265
140 158
2 254
7 972
750 598
660 906
810 601
901 480
584 676
234 869
74 542
99 417
636 136
674 941
660 744
184 161
143 158
907 817
642 784
458 147
957 171
747 824
744 840
839 75
201 755
678 79
60 274
568 357
255 401
402 477
97 787
667 107
649 932
482 879
544 222
305 750
69 349
805 41
329 224
535 400
442 449
649 565
616 672
637 778
913 888
54 594
93 248
371 458
511 268
378 526
586 43
550 710
534 219
420 495
774 714
776 543
339 153
729 609
609 11
257 158
549 809
480 449
746 932
139 222
288 984
21 60
84 562
162 388
823 89
182 67
628 55
702 794
465 61
958 533
431 977
656 753
457 674
333 463
873 234
358 610
87 32
318 460
893 360
124 953
4 699
759 643
212 966
32 292
824 192
510 923
833 438
852 662
686 894
284 458
271 252
366 314
316 987
407 268
579 839
172 663
48 909
624 620
532 471
594 825
352 815
811 360
143 679
311 705
995 100
613 573
932 196
321 917
322 454
765 850
307 191
936 342
937 35
334 909
540 72
390 867
27 39
286 784
801 540
183 696
147 638
481 472
174 933
875 232
748 122
35 481
588 723
681 439
165 878
527 528
183 862
850 441
136 971
287 172
469 841
896 384
853 136
224 132
810 887
442 970
531 85
624 357
166 874
225 302
559 641
50 915
135 2
680 294
149 45
764 740
67 364
619 299
85 784
105 50
533 248
275 744
703 680
834 521
121 696
765 127
694 37
452 432
660 253
196 617
464 110
802 90
842 843
935 410
811 136
208 99
336 40
46 859
855 195
26 425
111 307
646 218
851 872
29 252
13 727
587 574
852 682
418 104
185 851
227 12
283 238
273 980
661 713
352 971
722 809
252 568
1 962
455 373
151 156
320 152
469 297
757 952
735 66
222 19
9 524
193 319
69 388
219 25
236 507
438 603
782 780
456 390
923 205
178 60
438 970
465 552
746 587
396 474
620 384
438 869
922 62
830 671
110 797
645 414
455 846
131 684
745 514
598 794
231 999
591 71
559 677
48 205
803 79
665 114
667 524
370 601
883 821
650 329
319 358
67 473
112 930
243 184
357 384
195 61
141 959
419 549
186 280
719 630
284 765
964 271
270 440
57 45
228 2
881 751
836 321
910 712
33 20
388 886
242 162
445 799
503 9
604 596
934 333
446 132
484 714
527 502
985 427
750 229
39 312
961 466
431 434
877 30
735 128
835 478
922 559
230 968
781 472
127 336
238 539
593 632
193 362
286 985
801 619
730 435
731 918
787 936
735 934
4 326
852 130
199 549
442 554
39 892
649 536
762 115
980 46
156 568
663 122
775 557
558 839
995 747
500 139
70 852
143 544
236 756
804 451
952 694
224 221
461 544
153 215
562 13
559 325
504 61
261 857
951 50
220 56
202 543
25 62
172 443
488 992
949 541
642 183
898 301
285 357
124 691
689 449
140 575
860 366
418 185
721 944
833 798
669 432
82 746
711 789
821 373
399 131
919 968
211 867
587 920
237 799
226 592
206 554
815 760
7 975
779 304
88 625
603 82
90 3
330 530
42 430
209 407
651 760
744 932
964 513
587 710
200 686
221 860
369 201
761 831
9 904
618 908
34 589
976 334
83 916
924 38
53 448
626 258
792 501
350 130
377 288
840 904
17 407
106 561
485 998
179 135
71 365
537 793
758 41
356 789
13 52
624 13
681 90
421 735
675 564
424 367
6 726
357 546
818 52
505 279
966 388
552 88
127 904
420 945
813 367
136 35
858 872
654 545
879 530
435 749
666 115
120 41
317 721
778 179
489 148
225 421
292 945
84 563
417 320
509 58
759 862
371 9
506 800
802 853
987 339
825 684
648 76
651 88
323 59
508 229
564 835
204 940
632 273
263 423
272 890
133 410
673 194
547 761
363 804
842 935
989 820
149 180
940 472
781 860
251 939
207 844
890 590
806 320
184 207
647 624
145 68
450 501
308 368
200 857
669 841
218 613
630 294
960 734
152 779
339 651
909 299
325 932
930 774
787 883
57 658
739 106
65 367
874 655
265 637
88 56
487 144
877 264
771 423
884 548
619 849
620 46
988 850
217 453
793 524
169 362
922 936
64 80
562 499
305 922
89 515
774 804
166 649
480 128
236 402
306 260
519 624
131 691
420 217
581 183
177 49
513 447
586 223
898 243
737 89
967 355
318 962
236 495
50 912
509 711
662 139
724 944
873 282
283 826
345 849
375 555
73 706
382 340
992 504
8 799
775 57
314 471
825 712
717 362
148 91
629 622
898 800
949 887
732 361
630 932
853 899
471 356
974 325
632 412
246 556
375 200
364 607
925 921
829 995
425 485
426 54
172 598
138 962
99 641
610 754
590 388
916 488
722 516
136 255
544 748
752 591
91 20
455 86
523 586
598 2
484 678
566 556
569 248
970 244
386 746
773 910
621 52
161 638
736 930
184 457
612 292
498 729
597 187
778 999
339 679
933 89
790 370
576 889
351 965
122 511
567 565
613 99
681 402
855 128
793 744
666 358
917 668
460 835
407 836
362 177
236 666
143 894
311 232
495 639
887 981
84 806
1 318
200 275
751 958
961 716
728 753
177 93
823 226
516 538
742 502
101 502
999 285
200 25
128 854
736 187
123 773
980 574
214 558
751 509
34 696
11 772
48 44
157 326
838 957
881 956
438 337
955 377
495 416
997 564
779 183
15 713
460 679
212 582
963 35
270 441
358 118
56 773
190 361
207 998
668 532
997 192
908 983
618 759
450 5
787 382
994 727
740 166
977 796
122 637
33 132
950 585
274 230
593 460
740 53
118 481
228 741
857 375
532 281
56 466
352 889
556 615
714 571
143 361
256 818
296 255
773 883
723 696
361 799
910 180
862 173
576 982
95 262
657 107
417 910
821 648
563 384
978 553
740 984
121 104
239 696
274 588
442 410
705 272
783 765
608 709
718 526
884 818
614 495
301 54
339 255
495 768
283 234
201 371
888 19
374 822
931 33
552 298
840 175
745 287
29 718
305 366
841 780
187 971
128 161
295 271
805 265
814 729
711 903
436 871
846 174
543 394
802 16
966 775
346 148
972 704
220 637
393 678
60 336
725 904
138 184
233 575
748 686
267 613
877 846
747 914
313 400
330 977
345 103
990 657
676 652
721 396
84 452
527 122
553 731
679 271
386 722
424 257
444 73
830 137
815 319
619 598
123 263
970 308
165 22
717 553
60 300
577 126
938 765
65 386
925 572
524 562
317 812
155 177
742 133
300 360
240 775
59 477
372 615
349 927
452 740
844 914
520 808
900 531
770 978
525 442
275 899
488 353
872 837
390 336
905 972
488 590
715 997
845 558
295 461
746 382
34 345
343 449
436 549
719 922
759 857
461 950
335 621
547 13
340 789
149 233
100 345
337 121
551 962
898 592
8 578
794 609
264 556
814 612
798 41
301 623
806 532
24 236
502 639
284 294
447 170
411 507
731 119
53 111
664 444
481 816
66 490
359 819
177 771
473 404
293 641
521 423
759 306
907 625
365 239
721 351
577 403
265 305
798 741
912 692
386 519
938 1000
84 472
451 964
86 405
92 978
678 105
628 780
460 634
635 332
880 53
697 609
593 976
460 713
959 71
999 820
359 469
931 556
395 382
697 978
535 438
295 941
847 320
518 800
886 494
45 710
141 243
153 238
309 211
93 218
865 161
277 275
23 243
960 155
942 31
638 430
680 10
569 505
525 478
340 587
324 48
866 803
364 744
858 623
145 626
2 735
59 786
633 505
465 31
376 910
987 190
562 40
500 567
547 950
583 744
902 84
464 96
103 715
881 753
988 691
994 816
258 774
690 773
271 60
664 408
431 298
484 833
802 314
212 625
759 278
707 363
825 244
19 173
6 207
646 621
455 486
807 781
976 279
263 991
89 418
892 264
611 485
204 949
278 404
333 791
339 678
86 433
587 378
807 627
22 937
942 750
201 794
678 228
771 386
614 202
168 109
728 37
47 447
72 521
70 116
499 714
795 393
187 194
727 946
763 637
212 237
16 48
490 395
461 570
638 458
127 835
319 449
408 88
965 11
680 373
866 576
957 631
906 763
56 714
789 174
148 282
976 619
495 205
427 805
563 593
243 13
681 936
582 558
50 663
789 896
2 594
133 748
246 879
138 50
358 601
54 358
807 284
574 633
851 552
506 571
753 458
788 63
755 132
709 614
5 179
985 655
694 801
108 353
939 74
320 570
794 760
216 507
33 155
53 200
720 59
42 91
226 684
333 584
636 103
692 433
576 532
289 334
815 437
621 390
658 400
826 682
558 649
303 118
761 413
735 19
723 699
118 51
815 139
527 775
608 808
861 601
313 823
971 729
514 533
274 570
760 976
631 736
784 4
32 520
509 464
476 287
461 589
297 500
117 27
871 390
374 762
678 482
718 527
22 6
280 673
387 647
575 894
559 357
887 767
984 713
782 572
508 543
804 92
987 60
926 587
267 506
434 617
550 955
720 814
628 431
719 16
461 768
408 180
754 631
91 271
257 81
161 881
281 347
210 147
105 127
163 795
862 923
826 159
996 489
244 342
944 4
358 746
437 201
150 742
9 498
617 101
85 583
447 32
565 717
677 899
684 176
257 597
573 958
215 949
933 762
698 337
459 367
492 493
610 712
95 784
449 422
857 289
731 264
424 740
670 437
838 971
877 111
436 331
790 814
630 425
151 992
373 688
85 108
892 364
145 207
215 852
75 10
956 753
739 227
943 501
285 747
992 709
645 283
369 954
883 652
562 747
209 849
943 90
568 360
201 833
60 156
334 551
814 493
233 508
804 259
620 248
745 813
524 828
374 710
912 908
415 384
737 962
117 313
488 544
766 343
822 709
625 661
665 565
853 909
389 771
768 513
605 124
663 668
102 990
158 860
149 135
401 842
733 841
275 721
940 37
134 116
971 761
147 267
573 849
685 887
300 283
584 406
720 342
4 535
591 637
262 453
262 859
925 185
229 796
824 340
185 414
333 302
28 831
315 115
952 504
382 232
133 87
389 253
873 922
412 50
895 733
307 838
347 623
189 320
7 723
302 545
334 502
648 207
585 113
26 559
578 16
192 731
212 278
194 361
42 851
951 893
535 610
613 570
687 807
770 593
972 399
669 617
47 53
571 679
311 480
386 985
938 666
490 261
640 768
267 46
183 810
699 12
726 580
880 788
183 859
40 475
314 678
852 410
447 966
712 557
382 233
420 958
651 442
814 90
103 177
729 578
859 575
42 994
272 269
92 390
241 836
757 404
581 70
230 60
693 700
694 367
639 596
132 908
149 42
129 100
58 66
710 645
366 959
721 732
297 904
63 997
870 511
873 425
565 611
983 820
234 341
405 223
36 427
312 503
664 844
883 64
385 381
777 595
261 450
172 163
192 874
966 639
778 79
651 983
33 412
850 3
989 741
478 960
205 182
898 503
172 961
502 600
454 735
4 204
371 547
527 366
405 805
950 611
945 117
526 946
464 28
420 569
821 552
839 494
626 505
735 169
614 38
5 274
759 55
136 479
18 321
145 151
787 800
863 117
991 64
169 25
761 471
726 791
587 127
628 865
238 749
95 300
395 600
785 80
130 263
23 48
540 222
690 207
672 334
398 524
170 919
504 181
288 694
701 24
222 963
559 320
589 829
81 622
561 292
943 598
214 834
729 606
367 288
41 700
723 56
600 429
693 656
340 616
968 433
733 239
20 878
441 279
928 783
363 935
432 254
594 722
641 494
220 373
354 931
885 581
7 177
689 474
254 908
771 652
794 567
229 114
816 946
414 146
168 33
401 675
128 485
834 667
281 521
